onset,offset,midi_number,pitch_name,duration,staff,measure,beat_in_measure, instrument
16.0,18.0,49,C#3,2.0,0,5,1.0,doublebass
18.0,20.5,49,C#3,2.5,0,5,3.0,doublebass
20.5,21.0,44,G#2,0.5,0,6,1.5,doublebass
21.0,25.0,37,C#2,4.0,0,6,2.0,doublebass
56.0,64.0,44,G#2,8.0,0,15,1.0,doublebass
64.0,65.0,37,C#2,1.0,0,17,1.0,doublebass
65.0,66.0,36,C2,1.0,0,17,2.0,doublebass
66.0,67.0,34,B-1,1.0,0,17,3.0,doublebass
67.0,70.0,32,G#1,3.0,0,17,4.0,doublebass
70.0,72.0,37,C#2,2.0,0,18,3.0,doublebass
102.0,112.0,49,C#3,10.0,0,26,3.0,doublebass
112.0,120.0,49,C#3,8.0,0,29,1.0,doublebass
120.0,128.0,49,C#3,8.0,0,31,1.0,doublebass
128.0,134.0,49,C#3,6.0,0,33,1.0,doublebass
134.0,138.0,49,C#3,4.0,0,35,3.0,doublebass
138.0,146.0,37,C#2,8.0,0,36,1.0,doublebass
146.0,147.0,37,C#2,1.0,0,38,1.0,doublebass
147.0,148.0,36,C2,1.0,0,38,2.0,doublebass
148.0,149.0,34,B-1,1.0,0,38,3.0,doublebass
149.0,150.0,32,G#1,1.0,0,38,4.0,doublebass
150.0,152.0,30,F#1,2.0,0,39,1.0,doublebass
152.0,154.0,37,C#2,2.0,0,39,3.0,doublebass
166.0,175.0,44,G#2,9.0,0,43,1.0,doublebass
210.0,210.5,37,C#2,0.5,0,54,1.0,doublebass
210.5,211.0,40,E2,0.5,0,54,1.5,doublebass
211.0,211.5,44,G#2,0.5,0,54,2.0,doublebass
211.5,212.0,37,C#2,0.5,0,54,2.5,doublebass
212.0,212.5,42,F#2,0.5,0,54,3.0,doublebass
212.5,213.0,45,A2,0.5,0,54,3.5,doublebass
213.0,213.5,44,G#2,0.5,0,54,4.0,doublebass
213.5,214.0,37,C#2,0.5,0,54,4.5,doublebass
214.0,214.5,42,F#2,0.5,0,55,1.0,doublebass
214.5,215.0,45,A2,0.5,0,55,1.5,doublebass
215.0,215.5,50,D3,0.5,0,55,2.0,doublebass
215.5,216.0,52,E3,0.5,0,55,2.5,doublebass
216.0,216.5,54,F#3,0.5,0,55,3.0,doublebass
216.5,217.0,50,D3,0.5,0,55,3.5,doublebass
217.0,217.5,49,C#3,0.5,0,55,4.0,doublebass
217.5,218.0,48,C3,0.5,0,55,4.5,doublebass
218.0,218.5,49,C#3,0.5,0,56,1.0,doublebass
218.5,219.0,51,E-3,0.5,0,56,1.5,doublebass
219.0,219.5,52,E3,0.5,0,56,2.0,doublebass
219.5,220.0,46,B-2,0.5,0,56,2.5,doublebass
220.0,220.5,48,C3,0.5,0,56,3.0,doublebass
220.5,221.0,44,G#2,0.5,0,56,3.5,doublebass
221.0,221.5,49,C#3,0.5,0,56,4.0,doublebass
221.5,222.0,45,A2,0.5,0,56,4.5,doublebass
222.0,222.5,42,F#2,0.5,0,57,1.0,doublebass
222.5,223.0,44,G#2,0.5,0,57,1.5,doublebass
223.0,223.5,45,A2,0.5,0,57,2.0,doublebass
223.5,224.0,42,F#2,0.5,0,57,2.5,doublebass
224.0,224.5,39,E-2,0.5,0,57,3.0,doublebass
224.5,225.0,42,F#2,0.5,0,57,3.5,doublebass
225.0,225.5,44,G#2,0.5,0,57,4.0,doublebass
225.5,226.0,32,G#1,0.5,0,57,4.5,doublebass
226.0,226.5,37,C#2,0.5,0,58,1.0,doublebass
226.5,227.0,40,E2,0.5,0,58,1.5,doublebass
227.0,227.5,44,G#2,0.5,0,58,2.0,doublebass
227.5,228.0,49,C#3,0.5,0,58,2.5,doublebass
228.0,228.5,47,B2,0.5,0,58,3.0,doublebass
228.5,229.0,45,A2,0.5,0,58,3.5,doublebass
229.0,229.5,44,G#2,0.5,0,58,4.0,doublebass
229.5,230.0,40,E2,0.5,0,58,4.5,doublebass
230.0,230.5,37,C#2,0.5,0,59,1.0,doublebass
230.5,231.0,44,G#2,0.5,0,59,1.5,doublebass
231.0,231.5,40,E2,0.5,0,59,2.0,doublebass
231.5,232.0,49,C#3,0.5,0,59,2.5,doublebass
232.0,232.5,45,A2,0.5,0,59,3.0,doublebass
232.5,233.0,49,C#3,0.5,0,59,3.5,doublebass
233.0,233.5,52,E3,0.5,0,59,4.0,doublebass
233.5,234.0,49,C#3,0.5,0,59,4.5,doublebass
234.0,234.5,47,B2,0.5,0,60,1.0,doublebass
234.5,235.0,54,F#3,0.5,0,60,1.5,doublebass
235.0,235.5,51,E-3,0.5,0,60,2.0,doublebass
235.5,236.0,47,B2,0.5,0,60,2.5,doublebass
236.0,236.5,52,E3,0.5,0,60,3.0,doublebass
236.5,237.0,47,B2,0.5,0,60,3.5,doublebass
237.0,237.5,44,G#2,0.5,0,60,4.0,doublebass
237.5,238.0,40,E2,0.5,0,60,4.5,doublebass
238.0,238.5,50,D3,0.5,0,61,1.0,doublebass
238.5,239.0,45,A2,0.5,0,61,1.5,doublebass
239.0,239.5,42,F#2,0.5,0,61,2.0,doublebass
239.5,240.0,38,D2,0.5,0,61,2.5,doublebass
240.0,240.5,33,A1,0.5,0,61,3.0,doublebass
240.5,241.0,35,B1,0.5,0,61,3.5,doublebass
241.0,241.5,37,C#2,0.5,0,61,4.0,doublebass
241.5,242.0,40,E2,0.5,0,61,4.5,doublebass
242.0,242.5,42,F#2,0.5,0,62,1.0,doublebass
242.5,243.0,44,G#2,0.5,0,62,1.5,doublebass
243.0,243.5,45,A2,0.5,0,62,2.0,doublebass
243.5,244.0,42,F#2,0.5,0,62,2.5,doublebass
244.0,244.5,39,E-2,0.5,0,62,3.0,doublebass
244.5,245.0,42,F#2,0.5,0,62,3.5,doublebass
245.0,245.5,44,G#2,0.5,0,62,4.0,doublebass
245.5,246.0,32,G#1,0.5,0,62,4.5,doublebass
246.0,246.5,37,C#2,0.5,0,63,1.0,doublebass
246.5,247.0,49,C#3,0.5,0,63,1.5,doublebass
247.0,247.5,47,B2,0.5,0,63,2.0,doublebass
247.5,248.0,45,A2,0.5,0,63,2.5,doublebass
248.0,248.5,44,G#2,0.5,0,63,3.0,doublebass
248.5,249.0,40,E2,0.5,0,63,3.5,doublebass
249.0,249.5,37,C#2,0.5,0,63,4.0,doublebass
249.5,250.0,32,G#1,0.5,0,63,4.5,doublebass
250.0,250.5,37,C#2,0.5,0,64,1.0,doublebass
302.0,306.0,32,G#1,4.0,0,77,1.0,doublebass
306.0,307.0,37,C#2,1.0,0,78,1.0,doublebass
342.0,344.0,37,C#2,2.0,0,87,1.0,doublebass
344.0,346.0,40,E2,2.0,0,87,3.0,doublebass
346.0,348.0,37,C#2,2.0,0,88,1.0,doublebass
348.0,350.0,40,E2,2.0,0,88,3.0,doublebass
350.0,354.5,37,C#2,4.5,0,89,1.0,doublebass
370.0,370.1666666666667,41,F2,0.1666666666666666,0,94,1.0,doublebass
370.1666666666667,370.33333333333337,42,F#2,0.1666666666666666,0,94,1.1666666666666667,doublebass
370.3333333333333,370.5,44,G#2,0.1666666666666666,0,94,1.3333333333333333,doublebass
370.5,370.6666666666667,41,F2,0.1666666666666666,0,94,1.5,doublebass
370.6666666666667,370.83333333333337,39,E-2,0.1666666666666666,0,94,1.6666666666666667,doublebass
370.8333333333333,371.0,37,C#2,0.1666666666666666,0,94,1.8333333333333333,doublebass
371.0,371.1666666666667,39,E-2,0.1666666666666666,0,94,2.0,doublebass
371.1666666666667,371.33333333333337,41,F2,0.1666666666666666,0,94,2.1666666666666665,doublebass
371.3333333333333,371.5,42,F#2,0.1666666666666666,0,94,2.333333333333333,doublebass
371.5,371.6666666666667,41,F2,0.1666666666666666,0,94,2.5,doublebass
371.6666666666667,371.83333333333337,39,E-2,0.1666666666666666,0,94,2.6666666666666665,doublebass
371.8333333333333,372.0,37,C#2,0.1666666666666666,0,94,2.833333333333333,doublebass
372.0,372.1666666666667,39,E-2,0.1666666666666666,0,94,3.0,doublebass
372.1666666666667,372.33333333333337,41,F2,0.1666666666666666,0,94,3.1666666666666665,doublebass
372.3333333333333,372.5,42,F#2,0.1666666666666666,0,94,3.333333333333333,doublebass
372.5,372.6666666666667,41,F2,0.1666666666666666,0,94,3.5,doublebass
372.6666666666667,372.83333333333337,44,G#2,0.1666666666666666,0,94,3.6666666666666665,doublebass
373.0,373.1666666666667,42,F#2,0.1666666666666666,0,94,4.0,doublebass
373.1666666666667,373.33333333333337,41,F2,0.1666666666666666,0,94,4.166666666666667,doublebass
373.3333333333333,373.5,39,E-2,0.1666666666666666,0,94,4.333333333333333,doublebass
373.5,373.6666666666667,41,F2,0.1666666666666666,0,94,4.5,doublebass
373.6666666666667,373.83333333333337,37,C#2,0.1666666666666666,0,94,4.666666666666667,doublebass
374.0,374.1666666666667,42,F#2,0.1666666666666666,0,95,1.0,doublebass
374.1666666666667,374.33333333333337,41,F2,0.1666666666666666,0,95,1.1666666666666667,doublebass
374.3333333333333,374.5,39,E-2,0.1666666666666666,0,95,1.3333333333333333,doublebass
374.5,374.6666666666667,41,F2,0.1666666666666666,0,95,1.5,doublebass
374.6666666666667,374.83333333333337,37,C#2,0.1666666666666666,0,95,1.6666666666666667,doublebass
375.0,375.1666666666667,42,F#2,0.1666666666666666,0,95,2.0,doublebass
375.1666666666667,375.33333333333337,41,F2,0.1666666666666666,0,95,2.1666666666666665,doublebass
375.3333333333333,375.5,39,E-2,0.1666666666666666,0,95,2.333333333333333,doublebass
375.5,375.6666666666667,41,F2,0.1666666666666666,0,95,2.5,doublebass
375.6666666666667,375.83333333333337,37,C#2,0.1666666666666666,0,95,2.6666666666666665,doublebass
376.0,376.1666666666667,42,F#2,0.1666666666666666,0,95,3.0,doublebass
376.1666666666667,376.33333333333337,41,F2,0.1666666666666666,0,95,3.1666666666666665,doublebass
376.3333333333333,376.5,39,E-2,0.1666666666666666,0,95,3.333333333333333,doublebass
376.5,376.6666666666667,42,F#2,0.1666666666666666,0,95,3.5,doublebass
376.6666666666667,376.83333333333337,41,F2,0.1666666666666666,0,95,3.6666666666666665,doublebass
376.8333333333333,377.0,39,E-2,0.1666666666666666,0,95,3.8333333333333335,doublebass
377.0,377.1666666666667,42,F#2,0.1666666666666666,0,95,4.0,doublebass
377.1666666666667,377.33333333333337,41,F2,0.1666666666666666,0,95,4.166666666666667,doublebass
377.3333333333333,377.5,39,E-2,0.1666666666666666,0,95,4.333333333333333,doublebass
377.5,377.6666666666667,42,F#2,0.1666666666666666,0,95,4.5,doublebass
377.6666666666667,377.83333333333337,41,F2,0.1666666666666666,0,95,4.666666666666667,doublebass
377.8333333333333,378.0,39,E-2,0.1666666666666666,0,95,4.833333333333333,doublebass
378.0,378.1666666666667,37,C#2,0.1666666666666666,0,96,1.0,doublebass
378.1666666666667,378.33333333333337,37,C#2,0.1666666666666666,0,96,1.1666666666666667,doublebass
378.3333333333333,378.5,37,C#2,0.1666666666666666,0,96,1.3333333333333333,doublebass
378.5,378.6666666666667,37,C#2,0.1666666666666666,0,96,1.5,doublebass
378.6666666666667,378.83333333333337,37,C#2,0.1666666666666666,0,96,1.6666666666666667,doublebass
378.8333333333333,379.0,37,C#2,0.1666666666666666,0,96,1.8333333333333333,doublebass
379.0,380.0,37,C#2,1.0,0,96,2.0,doublebass
380.0,381.0,37,C#2,1.0,0,96,3.0,doublebass
381.0,382.0,37,C#2,1.0,0,96,4.0,doublebass
382.0,383.0,37,C#2,1.0,0,97,1.0,doublebass
383.0,384.0,37,C#2,1.0,0,97,2.0,doublebass
384.0,385.0,37,C#2,1.0,0,97,3.0,doublebass
385.0,386.0,37,C#2,1.0,0,97,4.0,doublebass
386.0,387.0,37,C#2,1.0,0,98,1.0,doublebass
387.0,388.0,37,C#2,1.0,0,98,2.0,doublebass
388.0,389.0,37,C#2,1.0,0,98,3.0,doublebass
389.0,390.0,37,C#2,1.0,0,98,4.0,doublebass
390.0,392.0,37,C#2,2.0,0,99,1.0,doublebass
392.0,394.0,28,E1,2.0,0,99,3.0,doublebass
394.0,398.0,33,A1,4.0,0,100,1.0,doublebass
398.0,399.0,37,C#2,1.0,0,101,1.0,doublebass
414.0,425.0,49,C#3,11.0,0,105,1.0,doublebass
426.0,428.0,49,C#3,2.0,0,108,1.0,doublebass
429.0,433.0,49,C#3,4.0,0,108,4.0,doublebass
442.0,443.0,49,C#3,1.0,0,112,1.0,doublebass
443.0,444.0,48,C3,1.0,0,112,2.0,doublebass
444.0,445.0,46,B-2,1.0,0,112,3.0,doublebass
445.0,446.0,44,G#2,1.0,0,112,4.0,doublebass
446.0,448.0,42,F#2,2.0,0,113,1.0,doublebass
448.0,450.0,37,C#2,2.0,0,113,3.0,doublebass
500.0,501.0,44,G#2,1.0,0,126,1.0,doublebass
500.0,501.0,53,F3,1.0,0,126,1.0,doublebass
500.0,501.0,37,C#2,1.0,0,126,1.0,doublebass
500.0,501.0,49,C#3,1.0,0,126,1.0,doublebass
502.0,504.5,44,G#2,2.5,0,127,3.0,doublebass
502.0,504.5,53,F3,2.5,0,127,3.0,doublebass
502.0,504.5,37,C#2,2.5,0,127,3.0,doublebass
502.0,504.5,49,C#3,2.5,0,127,3.0,doublebass
