onset,offset,midi_number,pitch_name,duration,staff,measure,beat_in_measure,instrument
144.0,145.0,64,G---4,1.0,0,49,1.0,trumpet2
146.0,147.0,64,G---4,1.0,0,49,3.0,trumpet2
148.0,148.5,64,G---4,0.5,0,50,2.0,trumpet2
148.5,149.0,64,G---4,0.5,0,50,2.5,trumpet2
149.0,150.0,64,G---4,1.0,0,50,3.0,trumpet2
150.0,151.0,64,G---4,1.0,0,51,1.0,trumpet2
152.0,153.0,64,G---4,1.0,0,51,3.0,trumpet2
154.0,154.5,64,G---4,0.5,0,52,2.0,trumpet2
154.5,155.0,64,G---4,0.5,0,52,2.5,trumpet2
155.0,156.0,64,G---4,1.0,0,52,3.0,trumpet2
156.0,157.0,64,G---4,1.0,0,53,1.0,trumpet2
158.0,159.0,64,G---4,1.0,0,53,3.0,trumpet2
160.0,160.5,64,G---4,0.5,0,54,2.0,trumpet2
160.5,161.0,64,G---4,0.5,0,54,2.5,trumpet2
161.0,162.0,64,G---4,1.0,0,54,3.0,trumpet2
162.0,163.0,64,G---4,1.0,0,55,1.0,trumpet2
164.0,165.0,64,G---4,1.0,0,55,3.0,trumpet2
165.0,165.5,64,G---4,0.5,0,56,1.0,trumpet2
165.5,166.0,64,G---4,0.5,0,56,1.5,trumpet2
166.0,167.0,64,G---4,1.0,0,56,2.0,trumpet2
167.0,168.0,64,G---4,1.0,0,56,3.0,trumpet2
168.0,168.5,64,G---4,0.5,0,57,1.0,trumpet2
168.5,169.0,64,G---4,0.5,0,57,1.5,trumpet2
169.0,170.0,64,G---4,1.0,0,57,2.0,trumpet2
170.0,171.0,64,G---4,1.0,0,57,3.0,trumpet2
171.0,171.5,64,G---4,0.5,0,58,1.0,trumpet2
171.5,172.0,64,G---4,0.5,0,58,1.5,trumpet2
172.0,173.0,64,G---4,1.0,0,58,2.0,trumpet2
173.0,174.0,64,G---4,1.0,0,58,3.0,trumpet2
174.0,175.0,64,G---4,1.0,0,59,1.0,trumpet2
321.0,322.0,64,G---4,1.0,0,108,1.0,trumpet2
323.0,324.0,64,G---4,1.0,0,108,3.0,trumpet2
325.0,325.5,64,G---4,0.5,0,109,2.0,trumpet2
325.5,326.0,64,G---4,0.5,0,109,2.5,trumpet2
326.0,327.0,64,G---4,1.0,0,109,3.0,trumpet2
327.0,328.0,64,G---4,1.0,0,110,1.0,trumpet2
329.0,330.0,64,G---4,1.0,0,110,3.0,trumpet2
331.0,331.5,64,G---4,0.5,0,111,2.0,trumpet2
331.5,332.0,64,G---4,0.5,0,111,2.5,trumpet2
332.0,333.0,64,G---4,1.0,0,111,3.0,trumpet2
333.0,334.0,64,G---4,1.0,0,112,1.0,trumpet2
335.0,336.0,64,G---4,1.0,0,112,3.0,trumpet2
337.0,337.5,64,G---4,0.5,0,113,2.0,trumpet2
337.5,338.0,64,G---4,0.5,0,113,2.5,trumpet2
338.0,339.0,64,G---4,1.0,0,113,3.0,trumpet2
339.0,340.0,64,G---4,1.0,0,114,1.0,trumpet2
341.0,342.0,64,G---4,1.0,0,114,3.0,trumpet2
342.0,342.5,64,G---4,0.5,0,115,1.0,trumpet2
342.5,343.0,64,G---4,0.5,0,115,1.5,trumpet2
343.0,344.0,64,G---4,1.0,0,115,2.0,trumpet2
344.0,345.0,64,G---4,1.0,0,115,3.0,trumpet2
345.0,345.5,64,G---4,0.5,0,116,1.0,trumpet2
345.5,346.0,64,G---4,0.5,0,116,1.5,trumpet2
346.0,347.0,64,G---4,1.0,0,116,2.0,trumpet2
347.0,348.0,64,G---4,1.0,0,116,3.0,trumpet2
348.0,348.5,64,G---4,0.5,0,117,1.0,trumpet2
348.5,349.0,64,G---4,0.5,0,117,1.5,trumpet2
349.0,350.0,64,G---4,1.0,0,117,2.0,trumpet2
350.0,351.0,64,G---4,1.0,0,117,3.0,trumpet2
351.0,352.0,64,G---4,1.0,0,118,1.0,trumpet2
451.0,452.0,59,D---4,1.0,0,151,2.0,trumpet2
454.0,455.0,59,D---4,1.0,0,152,2.0,trumpet2
457.0,458.0,59,D---4,1.0,0,153,2.0,trumpet2
460.0,461.0,59,D---4,1.0,0,154,2.0,trumpet2
463.0,464.0,59,D---4,1.0,0,155,2.0,trumpet2
466.0,467.0,59,D---4,1.0,0,156,2.0,trumpet2
469.0,470.0,59,D---4,1.0,0,157,2.0,trumpet2
532.0,538.0,66,A---4,6.0,0,178,2.0,trumpet2
543.0,546.0,64,G---4,3.0,0,182,1.0,trumpet2
547.0,547.5,64,G---4,0.5,0,183,2.0,trumpet2
547.5,548.0,64,G---4,0.5,0,183,2.5,trumpet2
548.0,549.0,64,G---4,1.0,0,183,3.0,trumpet2
549.0,550.0,64,G---4,1.0,0,184,1.0,trumpet2
550.0,551.0,64,G---4,1.0,0,184,2.0,trumpet2
553.0,554.0,64,G---4,1.0,0,185,2.0,trumpet2
554.0,555.0,64,G---4,1.0,0,185,3.0,trumpet2
555.0,555.5,64,G---4,0.5,0,186,1.0,trumpet2
555.5,556.0,64,G---4,0.5,0,186,1.5,trumpet2
556.0,557.0,64,G---4,1.0,0,186,2.0,trumpet2
559.0,559.5,64,G---4,0.5,0,187,2.0,trumpet2
559.5,560.0,64,G---4,0.5,0,187,2.5,trumpet2
560.0,561.0,64,G---4,1.0,0,187,3.0,trumpet2
561.0,562.0,64,G---4,1.0,0,188,1.0,trumpet2
562.0,563.0,64,G---4,1.0,0,188,2.0,trumpet2
564.0,565.0,64,G---4,1.0,0,189,1.0,trumpet2
565.0,565.5,64,G---4,0.5,0,189,2.0,trumpet2
565.5,566.0,64,G---4,0.5,0,189,2.5,trumpet2
566.0,567.0,64,G---4,1.0,0,189,3.0,trumpet2
567.0,568.0,64,G---4,1.0,0,190,1.0,trumpet2
568.0,568.5,64,G---4,0.5,0,190,2.0,trumpet2
568.5,569.0,64,G---4,0.5,0,190,2.5,trumpet2
569.0,570.0,64,G---4,1.0,0,190,3.0,trumpet2
570.0,571.0,64,G---4,1.0,0,191,1.0,trumpet2
571.0,571.5,64,G---4,0.5,0,191,2.0,trumpet2
571.5,572.0,64,G---4,0.5,0,191,2.5,trumpet2
572.0,573.0,64,G---4,1.0,0,191,3.0,trumpet2
573.0,574.0,64,G---4,1.0,0,192,1.0,trumpet2
574.0,574.5,64,G---4,0.5,0,192,2.0,trumpet2
574.5,575.0,64,G---4,0.5,0,192,2.5,trumpet2
575.0,576.0,64,G---4,1.0,0,192,3.0,trumpet2
576.0,577.0,64,G---4,1.0,0,193,1.0,trumpet2
579.0,580.0,64,G---4,1.0,0,194,1.0,trumpet2
582.0,583.0,64,G---4,1.0,0,195,1.0,trumpet2
585.0,586.0,64,G---4,1.0,0,196,1.0,trumpet2
588.0,589.0,64,G---4,1.0,0,197,1.0,trumpet2
594.0,595.0,64,G---4,1.0,0,199,1.0,trumpet2
891.0,892.5,64,F-4,1.5,0,298,1.0,trumpet2
892.5,893.0,64,F-4,0.5,0,298,2.5,trumpet2
893.0,893.5,64,F-4,0.5,0,298,3.0,trumpet2
894.0,895.5,64,F-4,1.5,0,299,1.0,trumpet2
895.5,896.0,64,F-4,0.5,0,299,2.5,trumpet2
896.0,896.5,64,F-4,0.5,0,299,3.0,trumpet2
897.0,901.5,64,F-4,4.5,0,300,1.0,trumpet2
901.5,902.0,64,F-4,0.5,0,301,2.5,trumpet2
902.0,902.5,64,F-4,0.5,0,301,3.0,trumpet2
903.0,904.5,64,F-4,1.5,0,302,1.0,trumpet2
904.5,905.0,64,F-4,0.5,0,302,2.5,trumpet2
905.0,905.5,64,F-4,0.5,0,302,3.0,trumpet2
906.0,907.5,59,C-4,1.5,0,303,1.0,trumpet2
907.5,908.0,59,C-4,0.5,0,303,2.5,trumpet2
908.0,908.5,59,C-4,0.5,0,303,3.0,trumpet2
909.0,910.5,64,F-4,1.5,0,304,1.0,trumpet2
910.5,911.0,64,F-4,0.5,0,304,2.5,trumpet2
911.0,912.0,64,F-4,1.0,0,304,3.0,trumpet2
912.0,913.5,64,F-4,1.5,0,305,1.0,trumpet2
913.5,914.0,64,F-4,0.5,0,305,2.5,trumpet2
914.0,915.0,64,F-4,1.0,0,305,3.0,trumpet2
915.0,916.5,64,F-4,1.5,0,306,1.0,trumpet2
916.5,917.0,64,F-4,0.5,0,306,2.5,trumpet2
917.0,918.0,64,F-4,1.0,0,306,3.0,trumpet2
918.0,919.5,64,F-4,1.5,0,307,1.0,trumpet2
919.5,920.0,64,F-4,0.5,0,307,2.5,trumpet2
920.0,921.0,64,F-4,1.0,0,307,3.0,trumpet2
921.0,922.5,64,F-4,1.5,0,308,1.0,trumpet2
922.5,923.0,64,F-4,0.5,0,308,2.5,trumpet2
923.0,924.0,64,F-4,1.0,0,308,3.0,trumpet2
924.0,925.5,64,F-4,1.5,0,309,1.0,trumpet2
925.5,926.0,64,F-4,0.5,0,309,2.5,trumpet2
926.0,927.0,64,F-4,1.0,0,309,3.0,trumpet2
927.0,928.5,59,C-4,1.5,0,310,1.0,trumpet2
928.5,929.0,59,C-4,0.5,0,310,2.5,trumpet2
929.0,930.0,59,C-4,1.0,0,310,3.0,trumpet2
930.0,932.0,71,C-5,2.0,0,311,1.0,trumpet2
932.0,933.0,68,A-4,1.0,0,311,3.0,trumpet2
933.0,937.0,68,A-4,4.0,0,312,1.0,trumpet2
1032.0,1033.5,64,F-4,1.5,0,345,1.0,trumpet2
1033.5,1034.0,64,F-4,0.5,0,345,2.5,trumpet2
1034.0,1034.5,64,F-4,0.5,0,345,3.0,trumpet2
1035.0,1036.5,64,F-4,1.5,0,346,1.0,trumpet2
1036.5,1037.0,64,F-4,0.5,0,346,2.5,trumpet2
1037.0,1037.5,64,F-4,0.5,0,346,3.0,trumpet2
1038.0,1042.5,64,F-4,4.5,0,347,1.0,trumpet2
1042.5,1043.0,64,F-4,0.5,0,348,2.5,trumpet2
1043.0,1043.5,64,F-4,0.5,0,348,3.0,trumpet2
1044.0,1045.5,64,F-4,1.5,0,349,1.0,trumpet2
1045.5,1046.0,64,F-4,0.5,0,349,2.5,trumpet2
1046.0,1046.5,64,F-4,0.5,0,349,3.0,trumpet2
1047.0,1048.5,59,C-4,1.5,0,350,1.0,trumpet2
1048.5,1049.0,59,C-4,0.5,0,350,2.5,trumpet2
1049.0,1049.5,59,C-4,0.5,0,350,3.0,trumpet2
1050.0,1051.5,64,F-4,1.5,0,351,1.0,trumpet2
1051.5,1052.0,64,F-4,0.5,0,351,2.5,trumpet2
1052.0,1053.0,64,F-4,1.0,0,351,3.0,trumpet2
1053.0,1054.5,64,F-4,1.5,0,352,1.0,trumpet2
1054.5,1055.0,64,F-4,0.5,0,352,2.5,trumpet2
1055.0,1056.0,64,F-4,1.0,0,352,3.0,trumpet2
1056.0,1057.5,64,F-4,1.5,0,353,1.0,trumpet2
1057.5,1058.0,64,F-4,0.5,0,353,2.5,trumpet2
1058.0,1059.0,64,F-4,1.0,0,353,3.0,trumpet2
1059.0,1060.5,64,F-4,1.5,0,354,1.0,trumpet2
1060.5,1061.0,64,F-4,0.5,0,354,2.5,trumpet2
1061.0,1062.0,64,F-4,1.0,0,354,3.0,trumpet2
1062.0,1063.5,64,F-4,1.5,0,355,1.0,trumpet2
1063.5,1064.0,64,F-4,0.5,0,355,2.5,trumpet2
1064.0,1065.0,64,F-4,1.0,0,355,3.0,trumpet2
1065.0,1066.5,64,F-4,1.5,0,356,1.0,trumpet2
1066.5,1067.0,64,F-4,0.5,0,356,2.5,trumpet2
1067.0,1068.0,64,F-4,1.0,0,356,3.0,trumpet2
1068.0,1069.5,59,C-4,1.5,0,357,1.0,trumpet2
1069.5,1070.0,59,C-4,0.5,0,357,2.5,trumpet2
1070.0,1071.0,59,C-4,1.0,0,357,3.0,trumpet2
1071.0,1073.0,71,C-5,2.0,0,358,1.0,trumpet2
1073.0,1074.0,68,A-4,1.0,0,358,3.0,trumpet2
1074.0,1078.0,68,A-4,4.0,0,359,1.0,trumpet2
1251.0,1252.0,64,G---4,1.0,0,418,1.0,trumpet2
1253.0,1254.0,64,G---4,1.0,0,418,3.0,trumpet2
1255.0,1255.5,64,G---4,0.5,0,419,2.0,trumpet2
1255.5,1256.0,64,G---4,0.5,0,419,2.5,trumpet2
1256.0,1257.0,64,G---4,1.0,0,419,3.0,trumpet2
1257.0,1258.0,64,G---4,1.0,0,420,1.0,trumpet2
1259.0,1260.0,64,G---4,1.0,0,420,3.0,trumpet2
1261.0,1261.5,64,G---4,0.5,0,421,2.0,trumpet2
1261.5,1262.0,64,G---4,0.5,0,421,2.5,trumpet2
1262.0,1263.0,64,G---4,1.0,0,421,3.0,trumpet2
1263.0,1264.0,64,G---4,1.0,0,422,1.0,trumpet2
1265.0,1266.0,64,G---4,1.0,0,422,3.0,trumpet2
1267.0,1267.5,64,G---4,0.5,0,423,2.0,trumpet2
1267.5,1268.0,64,G---4,0.5,0,423,2.5,trumpet2
1268.0,1269.0,64,G---4,1.0,0,423,3.0,trumpet2
1269.0,1270.0,64,G---4,1.0,0,424,1.0,trumpet2
1271.0,1272.0,64,G---4,1.0,0,424,3.0,trumpet2
1272.0,1272.5,64,G---4,0.5,0,425,1.0,trumpet2
1272.5,1273.0,64,G---4,0.5,0,425,1.5,trumpet2
1273.0,1274.0,64,G---4,1.0,0,425,2.0,trumpet2
1274.0,1275.0,64,G---4,1.0,0,425,3.0,trumpet2
1275.0,1275.5,64,G---4,0.5,0,426,1.0,trumpet2
1275.5,1276.0,64,G---4,0.5,0,426,1.5,trumpet2
1276.0,1277.0,64,G---4,1.0,0,426,2.0,trumpet2
1277.0,1278.0,64,G---4,1.0,0,426,3.0,trumpet2
1278.0,1278.5,64,G---4,0.5,0,427,1.0,trumpet2
1278.5,1279.0,64,G---4,0.5,0,427,1.5,trumpet2
1279.0,1280.0,64,G---4,1.0,0,427,2.0,trumpet2
1280.0,1281.0,64,G---4,1.0,0,427,3.0,trumpet2
1281.0,1282.0,64,G---4,1.0,0,428,1.0,trumpet2
1381.0,1382.0,59,D---4,1.0,0,461,2.0,trumpet2
1384.0,1385.0,59,D---4,1.0,0,462,2.0,trumpet2
1387.0,1388.0,59,D---4,1.0,0,463,2.0,trumpet2
1390.0,1391.0,59,D---4,1.0,0,464,2.0,trumpet2
1393.0,1394.0,59,D---4,1.0,0,465,2.0,trumpet2
1396.0,1397.0,59,D---4,1.0,0,466,2.0,trumpet2
1399.0,1400.0,59,D---4,1.0,0,467,2.0,trumpet2
1462.0,1468.0,66,A---4,6.0,0,488,2.0,trumpet2
1473.0,1476.0,64,G---4,3.0,0,492,1.0,trumpet2
1477.0,1477.5,64,G---4,0.5,0,493,2.0,trumpet2
1477.5,1478.0,64,G---4,0.5,0,493,2.5,trumpet2
1478.0,1479.0,64,G---4,1.0,0,493,3.0,trumpet2
1479.0,1480.0,64,G---4,1.0,0,494,1.0,trumpet2
1480.0,1481.0,64,G---4,1.0,0,494,2.0,trumpet2
1483.0,1484.0,64,G---4,1.0,0,495,2.0,trumpet2
1484.0,1485.0,64,G---4,1.0,0,495,3.0,trumpet2
1485.0,1485.5,64,G---4,0.5,0,496,1.0,trumpet2
1485.5,1486.0,64,G---4,0.5,0,496,1.5,trumpet2
1486.0,1487.0,64,G---4,1.0,0,496,2.0,trumpet2
1489.0,1489.5,64,G---4,0.5,0,497,2.0,trumpet2
1489.5,1490.0,64,G---4,0.5,0,497,2.5,trumpet2
1490.0,1491.0,64,G---4,1.0,0,497,3.0,trumpet2
1491.0,1492.0,64,G---4,1.0,0,498,1.0,trumpet2
1492.0,1493.0,64,G---4,1.0,0,498,2.0,trumpet2
1494.0,1495.0,64,G---4,1.0,0,499,1.0,trumpet2
1495.0,1495.5,64,G---4,0.5,0,499,2.0,trumpet2
1495.5,1496.0,64,G---4,0.5,0,499,2.5,trumpet2
1496.0,1497.0,64,G---4,1.0,0,499,3.0,trumpet2
1497.0,1498.0,64,G---4,1.0,0,500,1.0,trumpet2
1498.0,1498.5,64,G---4,0.5,0,500,2.0,trumpet2
1498.5,1499.0,64,G---4,0.5,0,500,2.5,trumpet2
1499.0,1500.0,64,G---4,1.0,0,500,3.0,trumpet2
1500.0,1501.0,64,G---4,1.0,0,501,1.0,trumpet2
1501.0,1501.5,64,G---4,0.5,0,501,2.0,trumpet2
1501.5,1502.0,64,G---4,0.5,0,501,2.5,trumpet2
1502.0,1503.0,64,G---4,1.0,0,501,3.0,trumpet2
1503.0,1504.0,64,G---4,1.0,0,502,1.0,trumpet2
1504.0,1504.5,64,G---4,0.5,0,502,2.0,trumpet2
1504.5,1505.0,64,G---4,0.5,0,502,2.5,trumpet2
1505.0,1506.0,64,G---4,1.0,0,502,3.0,trumpet2
1506.0,1507.0,64,G---4,1.0,0,503,1.0,trumpet2
1509.0,1510.0,64,G---4,1.0,0,504,1.0,trumpet2
1512.0,1513.0,64,G---4,1.0,0,505,1.0,trumpet2
1515.0,1516.0,64,G---4,1.0,0,506,1.0,trumpet2
1518.0,1519.0,64,G---4,1.0,0,507,1.0,trumpet2
1524.0,1525.0,64,G---4,1.0,0,509,1.0,trumpet2
1683.0,1684.0,64,F-4,1.0,0,562,1.0,trumpet2
