onset,offset,midi_number,pitch_name,duration,staff,measure,beat_in_measure,instrument
0.0,2.0,47,B2,2.0,0,1,1.0,bassoon1
2.0,4.0,46,B-2,2.0,0,1,3.0,bassoon1
4.0,6.0,47,B2,2.0,0,2,1.0,bassoon1
6.0,8.0,44,A-2,2.0,0,2,3.0,bassoon1
8.0,10.0,49,D-3,2.0,0,3,1.0,bassoon1
10.0,12.0,54,G-3,2.0,0,3,3.0,bassoon1
12.0,16.5,49,D-3,4.5,0,4,1.0,bassoon1
64.0,64.75,53,F3,0.75,0,17,1.0,bassoon1
64.75,65.0,56,A-3,0.25,0,17,1.75,bassoon1
65.0,66.0,56,A-3,1.0,0,17,2.0,bassoon1
66.0,66.75,61,D-4,0.75,0,17,3.0,bassoon1
66.75,67.0,63,E-4,0.25,0,17,3.75,bassoon1
67.0,68.0,65,F4,1.0,0,17,4.0,bassoon1
68.0,68.75,63,E-4,0.75,0,18,1.0,bassoon1
68.75,69.0,61,D-4,0.25,0,18,1.75,bassoon1
69.0,69.5,63,E-4,0.5,0,18,2.0,bassoon1
69.5,70.0,58,B-3,0.5,0,18,2.5,bassoon1
70.0,72.0,61,D-4,2.0,0,18,3.0,bassoon1
72.0,74.0,61,D-4,2.0,0,19,1.0,bassoon1
74.0,76.0,56,A-3,2.0,0,19,3.0,bassoon1
76.0,80.0,61,D-4,4.0,0,20,1.0,bassoon1
80.0,84.0,56,A-3,4.0,0,21,1.0,bassoon1
84.0,86.0,61,D-4,2.0,0,22,1.0,bassoon1
86.0,88.0,59,B3,2.0,0,22,3.0,bassoon1
88.0,90.0,61,D-4,2.0,0,23,1.0,bassoon1
90.0,92.0,58,B-3,2.0,0,23,3.0,bassoon1
92.0,94.0,66,G-4,2.0,0,24,1.0,bassoon1
94.0,96.0,63,E-4,2.0,0,24,3.0,bassoon1
96.0,101.0,61,D-4,5.0,0,25,1.0,bassoon1
146.0,146.75,53,F3,0.75,0,38,3.0,bassoon1
146.75,147.0,56,A-3,0.25,0,38,3.75,bassoon1
147.0,148.0,56,A-3,1.0,0,38,4.0,bassoon1
148.0,148.75,61,D-4,0.75,0,38,1.0,bassoon1
148.75,149.0,63,E-4,0.25,0,38,1.75,bassoon1
149.0,150.0,65,F4,1.0,0,38,2.0,bassoon1
150.0,150.75,63,E-4,0.75,0,39,3.0,bassoon1
150.75,151.0,61,D-4,0.25,0,39,3.75,bassoon1
151.0,151.5,63,E-4,0.5,0,39,4.0,bassoon1
151.5,152.0,58,B-3,0.5,0,39,4.5,bassoon1
152.0,154.0,61,D-4,2.0,0,39,1.0,bassoon1
154.0,156.0,61,D-4,2.0,0,40,1.0,bassoon1
156.0,158.0,56,A-3,2.0,0,40,3.0,bassoon1
202.0,203.0,61,C#4,1.0,0,52,1.0,bassoon1
203.0,204.0,59,B3,1.0,0,52,2.0,bassoon1
204.0,206.0,57,A3,2.0,0,52,3.0,bassoon1
206.0,210.0,49,C#3,4.0,0,53,1.0,bassoon1
370.0,370.1666666666667,56,G#3,0.1666666666666666,0,94,1.0,bassoon1
370.1666666666667,370.33333333333337,56,G#3,0.1666666666666666,0,94,1.1666666666666667,bassoon1
370.3333333333333,370.5,56,G#3,0.1666666666666666,0,94,1.3333333333333333,bassoon1
370.5,370.6666666666667,56,G#3,0.1666666666666666,0,94,1.5,bassoon1
370.6666666666667,370.83333333333337,56,G#3,0.1666666666666666,0,94,1.6666666666666667,bassoon1
370.8333333333333,371.1666666666667,56,G#3,0.3333333333333333,0,94,1.8333333333333333,bassoon1
371.1666666666667,371.33333333333337,56,G#3,0.1666666666666666,0,94,2.1666666666666665,bassoon1
371.3333333333333,371.5,56,G#3,0.1666666666666666,0,94,2.333333333333333,bassoon1
371.5,371.6666666666667,56,G#3,0.1666666666666666,0,94,2.5,bassoon1
371.6666666666667,371.83333333333337,56,G#3,0.1666666666666666,0,94,2.6666666666666665,bassoon1
371.8333333333333,372.1666666666667,56,G#3,0.3333333333333333,0,94,2.833333333333333,bassoon1
372.1666666666667,372.33333333333337,56,G#3,0.1666666666666666,0,94,3.1666666666666665,bassoon1
372.3333333333333,372.5,56,G#3,0.1666666666666666,0,94,3.333333333333333,bassoon1
372.5,372.6666666666667,56,G#3,0.1666666666666666,0,94,3.5,bassoon1
372.6666666666667,372.83333333333337,56,G#3,0.1666666666666666,0,94,3.6666666666666665,bassoon1
372.8333333333333,373.1666666666667,56,G#3,0.3333333333333333,0,94,3.8333333333333335,bassoon1
373.1666666666667,373.33333333333337,56,G#3,0.1666666666666666,0,94,4.166666666666667,bassoon1
373.3333333333333,373.5,56,G#3,0.1666666666666666,0,94,4.333333333333333,bassoon1
373.5,373.6666666666667,56,G#3,0.1666666666666666,0,94,4.5,bassoon1
373.6666666666667,373.83333333333337,56,G#3,0.1666666666666666,0,94,4.666666666666667,bassoon1
373.8333333333333,374.0,56,G#3,0.1666666666666666,0,94,4.833333333333333,bassoon1
374.0,374.1666666666667,56,G#3,0.1666666666666666,0,95,1.0,bassoon1
374.1666666666667,374.33333333333337,56,G#3,0.1666666666666666,0,95,1.1666666666666667,bassoon1
374.3333333333333,374.5,56,G#3,0.1666666666666666,0,95,1.3333333333333333,bassoon1
374.5,374.6666666666667,56,G#3,0.1666666666666666,0,95,1.5,bassoon1
374.6666666666667,374.83333333333337,56,G#3,0.1666666666666666,0,95,1.6666666666666667,bassoon1
374.8333333333333,375.1666666666667,56,G#3,0.3333333333333333,0,95,1.8333333333333333,bassoon1
375.1666666666667,375.33333333333337,56,G#3,0.1666666666666666,0,95,2.1666666666666665,bassoon1
375.3333333333333,375.5,56,G#3,0.1666666666666666,0,95,2.333333333333333,bassoon1
375.5,375.6666666666667,56,G#3,0.1666666666666666,0,95,2.5,bassoon1
375.6666666666667,375.83333333333337,56,G#3,0.1666666666666666,0,95,2.6666666666666665,bassoon1
375.8333333333333,376.1666666666667,56,G#3,0.3333333333333333,0,95,2.833333333333333,bassoon1
376.1666666666667,376.33333333333337,56,G#3,0.1666666666666666,0,95,3.1666666666666665,bassoon1
376.3333333333333,376.5,56,G#3,0.1666666666666666,0,95,3.333333333333333,bassoon1
376.5,376.6666666666667,56,G#3,0.1666666666666666,0,95,3.5,bassoon1
376.6666666666667,376.83333333333337,56,G#3,0.1666666666666666,0,95,3.6666666666666665,bassoon1
376.8333333333333,377.1666666666667,56,G#3,0.3333333333333333,0,95,3.8333333333333335,bassoon1
377.1666666666667,377.33333333333337,56,G#3,0.1666666666666666,0,95,4.166666666666667,bassoon1
377.3333333333333,377.5,56,G#3,0.1666666666666666,0,95,4.333333333333333,bassoon1
377.5,377.6666666666667,56,G#3,0.1666666666666666,0,95,4.5,bassoon1
377.6666666666667,377.83333333333337,56,G#3,0.1666666666666666,0,95,4.666666666666667,bassoon1
377.8333333333333,378.0,56,G#3,0.1666666666666666,0,95,4.833333333333333,bassoon1
378.0,382.0,52,E3,4.0,0,96,1.0,bassoon1
383.0,383.375,57,A3,0.375,0,97,2.0,bassoon1
383.375,383.5,61,C#4,0.125,0,97,2.375,bassoon1
383.5,383.6666666666667,64,E4,0.1666666666666666,0,97,2.5,bassoon1
383.6666666666667,383.83333333333337,64,E4,0.1666666666666666,0,97,2.6666666666666665,bassoon1
383.8333333333333,384.0,64,E4,0.1666666666666666,0,97,2.833333333333333,bassoon1
384.0,386.0,64,E4,2.0,0,97,3.0,bassoon1
387.0,387.375,57,A3,0.375,0,98,2.0,bassoon1
387.375,387.5,61,C#4,0.125,0,98,2.375,bassoon1
387.5,387.6666666666667,64,E4,0.1666666666666666,0,98,2.5,bassoon1
387.6666666666667,387.83333333333337,64,E4,0.1666666666666666,0,98,2.6666666666666665,bassoon1
387.8333333333333,388.0,64,E4,0.1666666666666666,0,98,2.833333333333333,bassoon1
388.0,389.0,64,E4,1.0,0,98,3.0,bassoon1
389.0,389.375,57,A3,0.375,0,98,4.0,bassoon1
389.375,389.5,61,C#4,0.125,0,98,4.375,bassoon1
389.5,389.6666666666667,64,E4,0.1666666666666666,0,98,4.5,bassoon1
389.6666666666667,389.83333333333337,64,E4,0.1666666666666666,0,98,4.666666666666667,bassoon1
389.8333333333333,390.0,64,E4,0.1666666666666666,0,98,4.833333333333333,bassoon1
390.0,394.5,64,E4,4.5,0,99,1.0,bassoon1
450.0,452.0,61,D-4,2.0,0,114,1.0,bassoon1
452.0,454.0,56,A-3,2.0,0,114,3.0,bassoon1
454.0,456.0,61,D-4,2.0,0,115,1.0,bassoon1
456.0,458.0,56,A-3,2.0,0,115,3.0,bassoon1
458.0,462.5,56,A-3,4.5,0,116,1.0,bassoon1
474.0,476.0,61,D-4,2.0,0,120,1.0,bassoon1
476.0,478.0,59,B3,2.0,0,120,3.0,bassoon1
478.0,480.0,61,D-4,2.0,0,121,1.0,bassoon1
480.0,482.0,58,B-3,2.0,0,121,3.0,bassoon1
482.0,484.0,54,G-3,2.0,0,122,1.0,bassoon1
484.0,486.0,51,E-3,2.0,0,122,3.0,bassoon1
486.0,490.0,49,D-3,4.0,0,123,1.0,bassoon1
490.0,495.0,61,D-4,5.0,0,124,1.0,bassoon1
