onset,offset,midi_number,pitch_name,duration,staff,measure,beat_in_measure,instrument
84.0,86.0,68,A-4,2.0,0,22,1.0,oboe1
86.0,88.0,67,G4,2.0,0,22,3.0,oboe1
88.0,90.0,68,A-4,2.0,0,23,1.0,oboe1
90.0,92.0,70,B-4,2.0,0,23,3.0,oboe1
92.0,94.0,70,B-4,2.0,0,24,1.0,oboe1
94.0,95.0,70,B-4,1.0,0,24,3.0,oboe1
95.0,96.0,72,C5,1.0,0,24,4.0,oboe1
96.0,101.0,73,D-5,5.0,0,25,1.0,oboe1
178.0,178.33333333333334,76,E5,0.3333333333333333,0,46,3.0,oboe1
178.33333333333334,178.66666666666669,75,D#5,0.3333333333333333,0,46,3.333333333333333,oboe1
178.66666666666666,179.0,73,C#5,0.3333333333333333,0,46,3.6666666666666665,oboe1
179.0,180.5,73,C#5,1.5,0,46,4.0,oboe1
180.5,181.0,76,E5,0.5,0,46,1.5,oboe1
181.0,181.5,75,D#5,0.5,0,46,2.0,oboe1
181.5,182.0,73,C#5,0.5,0,46,2.5,oboe1
182.0,182.3333333333333,76,E5,0.3333333333333333,0,47,3.0,oboe1
182.3333333333333,182.66666666666669,75,D#5,0.3333333333333333,0,47,3.333333333333333,oboe1
182.66666666666663,183.0,73,C#5,0.3333333333333333,0,47,3.6666666666666665,oboe1
183.0,184.5,73,C#5,1.5,0,47,4.0,oboe1
184.5,185.0,76,E5,0.5,0,47,1.5,oboe1
185.0,185.5,75,D#5,0.5,0,47,2.0,oboe1
185.5,186.0,73,C#5,0.5,0,47,2.5,oboe1
186.0,186.3333333333333,71,B4,0.3333333333333333,0,48,3.0,oboe1
186.3333333333333,186.66666666666669,68,G#4,0.3333333333333333,0,48,3.333333333333333,oboe1
186.66666666666663,187.0,71,B4,0.3333333333333333,0,48,3.6666666666666665,oboe1
187.0,188.0,73,C#5,1.0,0,48,4.0,oboe1
188.0,188.25,69,A4,0.25,0,48,1.0,oboe1
188.25,188.5,73,C#5,0.25,0,48,1.25,oboe1
188.5,188.75,71,B4,0.25,0,48,1.5,oboe1
188.75,189.0,69,A4,0.25,0,48,1.75,oboe1
189.0,190.0,71,B4,1.0,0,48,2.0,oboe1
190.0,191.0,68,G#4,1.0,0,49,3.0,oboe1
191.0,191.3333333333333,71,B4,0.3333333333333333,0,49,4.0,oboe1
191.3333333333333,191.66666666666669,68,G#4,0.3333333333333333,0,49,4.333333333333333,oboe1
191.66666666666663,192.0,71,B4,0.3333333333333333,0,49,4.666666666666667,oboe1
192.0,194.0,73,C#5,2.0,0,49,1.0,oboe1
194.0,194.3333333333333,76,E5,0.3333333333333333,0,50,3.0,oboe1
194.3333333333333,194.66666666666669,75,D#5,0.3333333333333333,0,50,3.333333333333333,oboe1
194.66666666666663,195.0,73,C#5,0.3333333333333333,0,50,3.6666666666666665,oboe1
195.0,196.5,73,C#5,1.5,0,50,4.0,oboe1
196.5,197.0,76,E5,0.5,0,50,1.5,oboe1
197.0,197.5,75,D#5,0.5,0,50,2.0,oboe1
197.5,198.0,73,C#5,0.5,0,50,2.5,oboe1
198.0,198.3333333333333,76,E5,0.3333333333333333,0,51,1.0,oboe1
198.3333333333333,198.66666666666669,75,D#5,0.3333333333333333,0,51,1.3333333333333333,oboe1
198.66666666666663,199.0,73,C#5,0.3333333333333333,0,51,1.6666666666666667,oboe1
199.0,200.5,73,C#5,1.5,0,51,2.0,oboe1
200.5,201.0,76,E5,0.5,0,51,3.5,oboe1
201.0,201.5,75,D#5,0.5,0,51,4.0,oboe1
201.5,202.0,73,C#5,0.5,0,51,4.5,oboe1
202.0,202.25,73,C#5,0.25,0,52,1.0,oboe1
202.25,202.5,76,E5,0.25,0,52,1.25,oboe1
202.5,202.75,80,G#5,0.25,0,52,1.5,oboe1
202.75,203.0,80,G#5,0.25,0,52,1.75,oboe1
203.0,204.5,80,G#5,1.5,0,52,2.0,oboe1
204.5,205.0,78,F#5,0.5,0,52,3.5,oboe1
205.0,205.2,76,E5,0.2,0,52,4.0,oboe1
205.2,205.4,78,F#5,0.2,0,52,4.2,oboe1
205.4,205.6,81,A5,0.2,0,52,4.4,oboe1
205.6,205.8,80,G#5,0.2,0,52,4.6,oboe1
205.8,206.0,78,F#5,0.2,0,52,4.8,oboe1
206.0,210.0,85,C#6,4.0,0,53,1.0,oboe1
210.0,212.0,68,G#4,2.0,0,54,1.0,oboe1
212.0,213.0,69,A4,1.0,0,54,3.0,oboe1
213.0,214.0,68,G#4,1.0,0,54,4.0,oboe1
214.0,219.0,69,A4,5.0,0,55,1.0,oboe1
219.0,221.5,68,G#4,2.5,0,56,2.0,oboe1
221.5,222.0,69,A4,0.5,0,56,4.5,oboe1
222.0,223.0,69,A4,1.0,0,57,1.0,oboe1
223.0,224.0,66,F#4,1.0,0,57,2.0,oboe1
224.0,225.0,69,A4,1.0,0,57,3.0,oboe1
225.0,226.0,68,G#4,1.0,0,57,4.0,oboe1
226.0,230.0,68,G#4,4.0,0,58,1.0,oboe1
230.0,232.0,76,E5,2.0,0,59,1.0,oboe1
232.0,233.0,78,F#5,1.0,0,59,3.0,oboe1
233.0,234.0,80,G#5,1.0,0,59,4.0,oboe1
234.0,235.5,83,B5,1.5,0,60,1.0,oboe1
235.5,235.75,85,C#6,0.25,0,60,2.5,oboe1
235.75,236.0,83,B5,0.25,0,60,2.75,oboe1
236.0,236.25,83,B5,0.25,0,60,3.0,oboe1
236.25,238.0,80,G#5,1.75,0,60,3.25,oboe1
238.0,239.5,78,F#5,1.5,0,61,1.0,oboe1
239.5,240.0,80,G#5,0.5,0,61,2.5,oboe1
240.0,241.0,81,A5,1.0,0,61,3.0,oboe1
241.0,242.0,76,E5,1.0,0,61,4.0,oboe1
242.0,244.0,76,E5,2.0,0,62,1.0,oboe1
244.0,245.0,78,F#5,1.0,0,62,3.0,oboe1
245.0,245.75,76,E5,0.75,0,62,4.0,oboe1
245.75,246.0,73,C#5,0.25,0,62,4.75,oboe1
246.0,250.5,73,C#5,4.5,0,63,1.0,oboe1
251.0,251.3333333333333,73,C#5,0.3333333333333333,0,64,2.0,oboe1
251.3333333333333,251.66666666666669,75,D#5,0.3333333333333333,0,64,2.333333333333333,oboe1
251.66666666666663,252.0,76,E5,0.3333333333333333,0,64,2.6666666666666665,oboe1
252.0,254.0,78,F#5,2.0,0,64,3.0,oboe1
254.0,254.5,80,G#5,0.5,0,65,1.0,oboe1
255.0,255.3333333333333,73,C#5,0.3333333333333333,0,65,2.0,oboe1
255.3333333333333,255.66666666666669,75,D#5,0.3333333333333333,0,65,2.333333333333333,oboe1
255.66666666666663,256.0,76,E5,0.3333333333333333,0,65,2.6666666666666665,oboe1
256.0,258.0,78,F#5,2.0,0,65,3.0,oboe1
258.0,260.0,80,G#5,2.0,0,66,1.0,oboe1
260.0,261.0,81,A5,1.0,0,66,3.0,oboe1
261.0,262.5,80,G#5,1.5,0,66,4.0,oboe1
262.5,263.0,78,F#5,0.5,0,67,1.5,oboe1
263.0,263.5,75,D#5,0.5,0,67,2.0,oboe1
263.5,264.5,76,E5,1.0,0,67,2.5,oboe1
264.5,265.0,78,F#5,0.5,0,67,3.5,oboe1
265.0,265.5,76,E5,0.5,0,67,4.0,oboe1
265.5,266.0,75,D#5,0.5,0,67,4.5,oboe1
266.0,266.5,73,C#5,0.5,0,68,1.0,oboe1
267.0,267.3333333333333,76,E5,0.3333333333333333,0,68,2.0,oboe1
267.3333333333333,267.66666666666663,78,F#5,0.3333333333333333,0,68,2.333333333333333,oboe1
267.6666666666667,268.0,80,G#5,0.3333333333333333,0,68,2.6666666666666665,oboe1
268.0,270.0,81,A5,2.0,0,68,3.0,oboe1
270.0,270.5,80,G#5,0.5,0,69,1.0,oboe1
271.0,271.3333333333333,76,E5,0.3333333333333333,0,69,2.0,oboe1
271.3333333333333,271.66666666666663,78,F#5,0.3333333333333333,0,69,2.333333333333333,oboe1
271.6666666666667,272.0,80,G#5,0.3333333333333333,0,69,2.6666666666666665,oboe1
272.0,272.0,83,B5,0.0,0,69,3.0,oboe1
272.0,274.0,81,A5,2.0,0,69,3.0,oboe1
274.0,274.0,83,B5,0.0,0,70,1.0,oboe1
274.0,276.0,81,A5,2.0,0,70,1.0,oboe1
276.0,276.0,76,E5,0.0,0,70,3.0,oboe1
276.0,278.0,74,D5,2.0,0,70,3.0,oboe1
278.0,278.0,81,A5,0.0,0,71,1.0,oboe1
278.0,281.0,80,G#5,3.0,0,71,1.0,oboe1
281.0,281.5,76,E5,0.5,0,71,4.0,oboe1
281.5,282.0,73,C#5,0.5,0,71,4.5,oboe1
282.0,282.5,72,B#4,0.5,0,72,1.0,oboe1
354.0,354.1666666666667,77,E#5,0.1666666666666666,0,90,1.0,oboe1
354.1666666666667,354.33333333333337,78,F#5,0.1666666666666666,0,90,1.1666666666666667,oboe1
354.3333333333333,354.5,80,G#5,0.1666666666666666,0,90,1.3333333333333333,oboe1
354.5,354.6666666666667,77,E#5,0.1666666666666666,0,90,1.5,oboe1
354.6666666666667,354.83333333333337,75,D#5,0.1666666666666666,0,90,1.6666666666666667,oboe1
354.8333333333333,355.0,73,C#5,0.1666666666666666,0,90,1.8333333333333333,oboe1
355.0,355.1666666666667,75,D#5,0.1666666666666666,0,90,2.0,oboe1
355.1666666666667,355.33333333333337,77,E#5,0.1666666666666666,0,90,2.1666666666666665,oboe1
355.3333333333333,355.5,78,F#5,0.1666666666666666,0,90,2.333333333333333,oboe1
355.5,355.6666666666667,77,E#5,0.1666666666666666,0,90,2.5,oboe1
355.6666666666667,355.83333333333337,75,D#5,0.1666666666666666,0,90,2.6666666666666665,oboe1
355.8333333333333,356.0,73,C#5,0.1666666666666666,0,90,2.833333333333333,oboe1
356.0,356.1666666666667,75,D#5,0.1666666666666666,0,90,3.0,oboe1
356.1666666666667,356.33333333333337,77,E#5,0.1666666666666666,0,90,3.1666666666666665,oboe1
356.3333333333333,356.5,78,F#5,0.1666666666666666,0,90,3.333333333333333,oboe1
356.5,356.6666666666667,77,E#5,0.1666666666666666,0,90,3.5,oboe1
356.6666666666667,356.83333333333337,80,G#5,0.1666666666666666,0,90,3.6666666666666665,oboe1
357.0,357.1666666666667,78,F#5,0.1666666666666666,0,90,4.0,oboe1
357.1666666666667,357.33333333333337,77,E#5,0.1666666666666666,0,90,4.166666666666667,oboe1
357.3333333333333,357.5,75,D#5,0.1666666666666666,0,90,4.333333333333333,oboe1
357.5,357.6666666666667,77,E#5,0.1666666666666666,0,90,4.5,oboe1
357.6666666666667,357.83333333333337,73,C#5,0.1666666666666666,0,90,4.666666666666667,oboe1
358.0,362.0,68,G#4,4.0,0,91,1.0,oboe1
362.0,362.5,68,G#4,0.5,0,92,1.0,oboe1
362.5,362.75,73,C#5,0.25,0,92,1.5,oboe1
363.0,363.5,72,B#4,0.5,0,92,2.0,oboe1
363.5,363.75,73,C#5,0.25,0,92,2.5,oboe1
364.0,364.25,78,F#5,0.25,0,92,3.0,oboe1
364.25,364.5,75,D#5,0.25,0,92,3.25,oboe1
364.5,364.75,73,C#5,0.25,0,92,3.5,oboe1
365.0,365.5,72,B#4,0.5,0,92,4.0,oboe1
365.5,365.75,73,C#5,0.25,0,92,4.5,oboe1
366.0,370.0,80,G#5,4.0,0,93,1.0,oboe1
370.0,370.1666666666667,80,G#5,0.1666666666666666,0,94,1.0,oboe1
370.1666666666667,370.33333333333337,80,G#5,0.1666666666666666,0,94,1.1666666666666667,oboe1
370.3333333333333,370.5,80,G#5,0.1666666666666666,0,94,1.3333333333333333,oboe1
370.5,370.6666666666667,80,G#5,0.1666666666666666,0,94,1.5,oboe1
370.6666666666667,370.83333333333337,80,G#5,0.1666666666666666,0,94,1.6666666666666667,oboe1
370.8333333333333,371.1666666666667,80,G#5,0.3333333333333333,0,94,1.8333333333333333,oboe1
371.1666666666667,371.33333333333337,80,G#5,0.1666666666666666,0,94,2.1666666666666665,oboe1
371.3333333333333,371.5,80,G#5,0.1666666666666666,0,94,2.333333333333333,oboe1
371.5,371.6666666666667,80,G#5,0.1666666666666666,0,94,2.5,oboe1
371.6666666666667,371.83333333333337,80,G#5,0.1666666666666666,0,94,2.6666666666666665,oboe1
371.8333333333333,372.1666666666667,80,G#5,0.3333333333333333,0,94,2.833333333333333,oboe1
372.1666666666667,372.33333333333337,80,G#5,0.1666666666666666,0,94,3.1666666666666665,oboe1
372.3333333333333,372.5,80,G#5,0.1666666666666666,0,94,3.333333333333333,oboe1
372.5,372.6666666666667,80,G#5,0.1666666666666666,0,94,3.5,oboe1
372.6666666666667,372.83333333333337,80,G#5,0.1666666666666666,0,94,3.6666666666666665,oboe1
372.8333333333333,373.1666666666667,80,G#5,0.3333333333333333,0,94,3.8333333333333335,oboe1
373.1666666666667,373.33333333333337,80,G#5,0.1666666666666666,0,94,4.166666666666667,oboe1
373.3333333333333,373.5,80,G#5,0.1666666666666666,0,94,4.333333333333333,oboe1
373.5,373.6666666666667,80,G#5,0.1666666666666666,0,94,4.5,oboe1
373.6666666666667,373.83333333333337,80,G#5,0.1666666666666666,0,94,4.666666666666667,oboe1
373.8333333333333,374.0,80,G#5,0.1666666666666666,0,94,4.833333333333333,oboe1
374.0,374.1666666666667,80,G#5,0.1666666666666666,0,95,1.0,oboe1
374.1666666666667,374.33333333333337,80,G#5,0.1666666666666666,0,95,1.1666666666666667,oboe1
374.3333333333333,374.5,80,G#5,0.1666666666666666,0,95,1.3333333333333333,oboe1
374.5,374.6666666666667,80,G#5,0.1666666666666666,0,95,1.5,oboe1
374.6666666666667,374.83333333333337,80,G#5,0.1666666666666666,0,95,1.6666666666666667,oboe1
374.8333333333333,375.1666666666667,80,G#5,0.3333333333333333,0,95,1.8333333333333333,oboe1
375.1666666666667,375.33333333333337,80,G#5,0.1666666666666666,0,95,2.1666666666666665,oboe1
375.3333333333333,375.5,80,G#5,0.1666666666666666,0,95,2.333333333333333,oboe1
375.5,375.6666666666667,80,G#5,0.1666666666666666,0,95,2.5,oboe1
375.6666666666667,375.83333333333337,80,G#5,0.1666666666666666,0,95,2.6666666666666665,oboe1
375.8333333333333,376.1666666666667,80,G#5,0.3333333333333333,0,95,2.833333333333333,oboe1
376.1666666666667,376.33333333333337,80,G#5,0.1666666666666666,0,95,3.1666666666666665,oboe1
376.3333333333333,376.5,80,G#5,0.1666666666666666,0,95,3.333333333333333,oboe1
376.5,376.6666666666667,80,G#5,0.1666666666666666,0,95,3.5,oboe1
376.6666666666667,376.83333333333337,80,G#5,0.1666666666666666,0,95,3.6666666666666665,oboe1
376.8333333333333,377.1666666666667,80,G#5,0.3333333333333333,0,95,3.8333333333333335,oboe1
377.1666666666667,377.33333333333337,80,G#5,0.1666666666666666,0,95,4.166666666666667,oboe1
377.3333333333333,377.5,80,G#5,0.1666666666666666,0,95,4.333333333333333,oboe1
377.5,377.6666666666667,80,G#5,0.1666666666666666,0,95,4.5,oboe1
377.6666666666667,377.83333333333337,80,G#5,0.1666666666666666,0,95,4.666666666666667,oboe1
377.8333333333333,378.0,80,G#5,0.1666666666666666,0,95,4.833333333333333,oboe1
378.0,380.5,81,A5,2.5,0,96,1.0,oboe1
383.0,383.375,69,A4,0.375,0,97,2.0,oboe1
383.375,383.5,73,C#5,0.125,0,97,2.375,oboe1
383.5,383.6666666666667,76,E5,0.1666666666666666,0,97,2.5,oboe1
383.6666666666667,383.83333333333337,76,E5,0.1666666666666666,0,97,2.6666666666666665,oboe1
383.8333333333333,384.0,76,E5,0.1666666666666666,0,97,2.833333333333333,oboe1
384.0,386.0,76,E5,2.0,0,97,3.0,oboe1
387.0,387.375,69,A4,0.375,0,98,2.0,oboe1
387.375,387.5,73,C#5,0.125,0,98,2.375,oboe1
387.5,387.6666666666667,76,E5,0.1666666666666666,0,98,2.5,oboe1
387.6666666666667,387.83333333333337,76,E5,0.1666666666666666,0,98,2.6666666666666665,oboe1
387.8333333333333,388.0,76,E5,0.1666666666666666,0,98,2.833333333333333,oboe1
388.0,389.0,76,E5,1.0,0,98,3.0,oboe1
389.0,389.375,69,A4,0.375,0,98,4.0,oboe1
389.375,389.5,73,C#5,0.125,0,98,4.375,oboe1
389.5,389.6666666666667,76,E5,0.1666666666666666,0,98,4.5,oboe1
389.6666666666667,389.83333333333337,76,E5,0.1666666666666666,0,98,4.666666666666667,oboe1
389.8333333333333,390.0,76,E5,0.1666666666666666,0,98,4.833333333333333,oboe1
390.0,394.5,76,E5,4.5,0,99,1.0,oboe1
448.0,448.5,68,A-4,0.5,0,113,3.0,oboe1
448.5,449.0,73,D-5,0.5,0,113,3.5,oboe1
449.0,449.5,77,F5,0.5,0,113,4.0,oboe1
449.5,450.0,80,A-5,0.5,0,113,4.5,oboe1
450.0,452.0,82,B-5,2.0,0,114,1.0,oboe1
452.0,453.5,80,A-5,1.5,0,114,3.0,oboe1
490.0,494.0,77,F5,4.0,0,124,1.0,oboe1
494.0,499.0,80,A-5,5.0,0,125,1.0,oboe1
