onset,offset,midi_number,pitch_name,duration,staff,measure,beat_in_measure,instrument
16.0,18.0,56,A-3,2.0,0,5,1.0,viola
16.0,18.0,53,F3,2.0,0,5,1.0,viola
18.0,20.5,56,A-3,2.5,0,5,3.0,viola
18.0,20.5,53,F3,2.5,0,5,3.0,viola
20.5,21.0,56,A-3,0.5,0,6,1.5,viola
20.5,21.0,51,E-3,0.5,0,6,1.5,viola
21.0,24.0,56,A-3,3.0,0,6,2.0,viola
21.0,24.0,53,F3,3.0,0,6,2.0,viola
24.0,26.0,53,F3,2.0,0,7,1.0,viola
24.0,26.0,56,A-3,2.0,0,7,1.0,viola
26.0,28.0,53,F3,2.0,0,7,3.0,viola
24.0,28.0,49,D-3,4.0,0,7,1.0,viola
28.0,32.0,51,E-3,4.0,0,8,1.0,viola
28.0,32.0,54,G-3,4.0,0,8,1.0,viola
32.0,34.0,53,F3,2.0,0,9,1.0,viola
32.0,34.0,49,D-3,2.0,0,9,1.0,viola
34.0,36.0,53,F3,2.0,0,9,3.0,viola
34.0,36.0,53,F3,2.0,0,9,3.0,viola
36.0,38.0,54,G-3,2.0,0,10,1.0,viola
36.0,38.0,54,G-3,2.0,0,10,1.0,viola
38.0,40.0,53,F3,2.0,0,10,3.0,viola
38.0,40.0,49,D-3,2.0,0,10,3.0,viola
40.0,48.0,49,D-3,8.0,0,11,1.0,viola
48.0,56.0,49,D-3,8.0,0,13,1.0,viola
56.0,60.0,49,D-3,4.0,0,15,1.0,viola
56.0,60.0,53,F3,4.0,0,15,1.0,viola
60.0,61.0,54,G-3,1.0,0,16,1.0,viola
61.0,61.75,51,E-3,0.75,0,16,2.0,viola
61.75,62.0,53,F3,0.25,0,16,2.75,viola
62.0,64.0,54,G-3,2.0,0,16,3.0,viola
64.0,65.0,53,F3,1.0,0,17,1.0,viola
65.0,66.0,51,E-3,1.0,0,17,2.0,viola
66.0,68.0,53,F3,2.0,0,17,3.0,viola
68.0,70.0,49,D-3,2.0,0,18,1.0,viola
68.0,70.0,54,G-3,2.0,0,18,1.0,viola
70.0,72.0,49,D-3,2.0,0,18,3.0,viola
70.0,72.0,53,F3,2.0,0,18,3.0,viola
102.0,108.0,56,A-3,6.0,0,26,3.0,viola
108.0,108.5,58,B-3,0.5,0,28,1.0,viola
108.5,109.0,61,D-4,0.5,0,28,1.5,viola
109.0,109.5,60,C4,0.5,0,28,2.0,viola
109.5,110.0,56,A-3,0.5,0,28,2.5,viola
110.0,112.0,58,B-3,2.0,0,28,3.0,viola
112.0,116.0,56,A-3,4.0,0,29,1.0,viola
116.0,116.5,58,B-3,0.5,0,30,1.0,viola
116.5,117.0,61,D-4,0.5,0,30,1.5,viola
117.0,117.5,60,C4,0.5,0,30,2.0,viola
117.5,118.0,56,A-3,0.5,0,30,2.5,viola
118.0,120.0,58,B-3,2.0,0,30,3.0,viola
120.0,120.5,58,B-3,0.5,0,31,1.0,viola
120.5,121.0,61,D-4,0.5,0,31,1.5,viola
121.0,121.5,60,C4,0.5,0,31,2.0,viola
121.5,122.0,56,A-3,0.5,0,31,2.5,viola
122.0,124.0,58,B-3,2.0,0,31,3.0,viola
124.0,124.5,58,B-3,0.5,0,32,1.0,viola
124.5,125.0,61,D-4,0.5,0,32,1.5,viola
125.0,125.5,60,C4,0.5,0,32,2.0,viola
125.5,126.0,56,A-3,0.5,0,32,2.5,viola
126.0,126.5,58,B-3,0.5,0,32,3.0,viola
126.5,127.0,54,G-3,0.5,0,32,3.5,viola
127.0,127.5,56,A-3,0.5,0,32,4.0,viola
127.5,128.0,53,F3,0.5,0,32,4.5,viola
128.0,128.5,58,B-3,0.5,0,33,1.0,viola
128.5,129.0,61,D-4,0.5,0,33,1.5,viola
129.0,129.5,60,C4,0.5,0,33,2.0,viola
129.5,130.0,56,A-3,0.5,0,33,2.5,viola
130.0,130.5,58,B-3,0.5,0,33,3.0,viola
130.5,131.0,54,G-3,0.5,0,33,3.5,viola
131.0,131.5,56,A-3,0.5,0,33,4.0,viola
131.5,132.0,53,F3,0.5,0,33,4.5,viola
132.0,132.5,58,B-3,0.5,0,34,1.0,viola
132.5,133.0,54,G-3,0.5,0,34,1.5,viola
133.0,133.5,56,A-3,0.5,0,34,2.0,viola
133.5,134.0,53,F3,0.5,0,34,2.5,viola
134.0,135.0,58,B-3,1.0,0,35,1.0,viola
135.0,138.0,57,B--3,3.0,0,35,2.0,viola
138.0,142.0,53,F3,4.0,0,36,1.0,viola
138.0,142.0,56,A-3,4.0,0,36,1.0,viola
142.0,143.0,54,G-3,1.0,0,37,1.0,viola
143.0,143.75,58,B-3,0.75,0,37,2.0,viola
143.75,144.0,56,A-3,0.25,0,37,2.75,viola
144.0,144.5,54,G-3,0.5,0,37,3.0,viola
144.5,145.0,58,B-3,0.5,0,37,3.5,viola
145.0,145.5,56,A-3,0.5,0,37,4.0,viola
145.5,146.0,54,G-3,0.5,0,37,4.5,viola
146.0,147.0,53,F3,1.0,0,38,1.0,viola
147.0,148.0,51,E-3,1.0,0,38,2.0,viola
148.0,150.0,53,F3,2.0,0,38,3.0,viola
150.0,152.0,49,D-3,2.0,0,39,1.0,viola
152.0,154.0,53,F3,2.0,0,39,3.0,viola
158.0,162.0,61,D-4,4.0,0,41,1.0,viola
162.0,166.5,56,A-3,4.5,0,42,1.0,viola
178.0,180.0,61,C#4,2.0,0,46,1.0,viola
180.0,182.0,57,A3,2.0,0,46,3.0,viola
182.0,184.0,61,C#4,2.0,0,47,1.0,viola
184.0,186.0,57,A3,2.0,0,47,3.0,viola
186.0,188.0,56,G#3,2.0,0,48,1.0,viola
188.0,189.0,54,F#3,1.0,0,48,3.0,viola
189.0,190.0,59,B3,1.0,0,48,4.0,viola
190.0,192.0,64,E4,2.0,0,49,1.0,viola
192.0,194.0,61,C#4,2.0,0,49,3.0,viola
192.0,194.0,64,E4,2.0,0,49,3.0,viola
194.0,196.0,61,C#4,2.0,0,50,1.0,viola
196.0,198.0,57,A3,2.0,0,50,3.0,viola
198.0,200.0,61,C#4,2.0,0,51,1.0,viola
200.0,202.0,69,A4,2.0,0,51,3.0,viola
202.0,203.0,61,C#4,1.0,0,52,1.0,viola
203.0,204.0,59,B3,1.0,0,52,2.0,viola
204.0,206.0,57,A3,2.0,0,52,3.0,viola
206.0,206.3333333333333,49,C#3,0.3333333333333333,0,53,1.0,viola
206.3333333333333,206.66666666666669,56,G#3,0.3333333333333333,0,53,1.3333333333333333,viola
206.66666666666663,207.0,61,C#4,0.3333333333333333,0,53,1.6666666666666667,viola
207.0,207.3333333333333,64,E4,0.3333333333333333,0,53,2.0,viola
207.3333333333333,207.66666666666669,68,G#4,0.3333333333333333,0,53,2.333333333333333,viola
207.66666666666663,208.0,73,C#5,0.3333333333333333,0,53,2.6666666666666665,viola
208.0,210.5,73,C#5,2.5,0,53,3.0,viola
250.0,252.0,61,C#4,2.0,0,64,1.0,viola
252.0,254.0,57,A3,2.0,0,64,3.0,viola
254.0,256.0,61,C#4,2.0,0,65,1.0,viola
256.0,258.0,57,A3,2.0,0,65,3.0,viola
258.0,260.0,56,G#3,2.0,0,66,1.0,viola
260.0,261.0,54,F#3,1.0,0,66,3.0,viola
261.0,262.0,59,B3,1.0,0,66,4.0,viola
262.0,264.0,64,E4,2.0,0,67,1.0,viola
264.0,266.0,61,C#4,2.0,0,67,3.0,viola
264.0,266.0,64,E4,2.0,0,67,3.0,viola
266.0,268.0,61,C#4,2.0,0,68,1.0,viola
266.0,268.0,64,E4,2.0,0,68,1.0,viola
268.0,270.0,64,E4,2.0,0,68,3.0,viola
270.0,272.0,61,C#4,2.0,0,69,1.0,viola
270.0,272.0,64,E4,2.0,0,69,1.0,viola
272.0,274.0,64,E4,2.0,0,69,3.0,viola
274.0,276.0,62,D4,2.0,0,70,1.0,viola
276.0,278.0,66,F#4,2.0,0,70,3.0,viola
278.0,280.0,68,G#4,2.0,0,71,1.0,viola
280.0,282.0,68,G#4,2.0,0,71,3.0,viola
282.0,282.5,68,G#4,0.5,0,72,1.0,viola
286.0,288.0,69,A4,2.0,0,73,1.0,viola
288.0,290.0,66,F#4,2.0,0,73,3.0,viola
290.0,291.0,67,G4,1.0,0,74,1.0,viola
291.0,292.0,66,F#4,1.0,0,74,2.0,viola
292.0,294.0,64,E4,2.0,0,74,3.0,viola
294.0,297.0,63,D#4,3.0,0,75,1.0,viola
297.0,298.0,61,C#4,1.0,0,75,4.0,viola
298.0,302.5,60,B#3,4.5,0,76,1.0,viola
307.0,308.0,49,C#3,1.0,0,78,2.0,viola
308.0,308.25,49,C#3,0.25,0,78,3.0,viola
311.0,312.0,57,A3,1.0,0,79,2.0,viola
312.0,312.25,57,A3,0.25,0,79,3.0,viola
315.0,316.0,56,G#3,1.0,0,80,2.0,viola
316.0,316.25,56,G#3,0.25,0,80,3.0,viola
319.0,320.0,57,A3,1.0,0,81,2.0,viola
320.0,320.25,57,A3,0.25,0,81,3.0,viola
321.0,322.0,56,G#3,1.0,0,81,4.0,viola
322.0,324.0,56,G#3,2.0,0,82,1.0,viola
324.0,324.25,56,G#3,0.25,0,82,3.0,viola
327.0,328.0,49,C#3,1.0,0,83,2.0,viola
328.0,328.25,49,C#3,0.25,0,83,3.0,viola
331.0,332.0,57,A3,1.0,0,84,2.0,viola
332.0,332.25,57,A3,0.25,0,84,3.0,viola
334.0,335.0,57,A3,1.0,0,85,1.0,viola
335.0,335.25,57,A3,0.25,0,85,2.0,viola
337.0,338.0,56,G#3,1.0,0,85,4.0,viola
338.0,338.25,57,A3,0.25,0,86,1.0,viola
339.0,340.0,57,A3,1.0,0,86,2.0,viola
340.0,340.25,57,A3,0.25,0,86,3.0,viola
341.0,342.0,56,G#3,1.0,0,86,4.0,viola
342.0,344.0,49,C#3,2.0,0,87,1.0,viola
342.0,344.0,52,E3,2.0,0,87,1.0,viola
344.0,346.0,49,C#3,2.0,0,87,3.0,viola
344.0,346.0,55,G3,2.0,0,87,3.0,viola
346.0,348.0,49,C#3,2.0,0,88,1.0,viola
346.0,348.0,52,E3,2.0,0,88,1.0,viola
348.0,350.0,49,C#3,2.0,0,88,3.0,viola
348.0,350.0,55,G3,2.0,0,88,3.0,viola
350.0,351.0,49,C#3,1.0,0,89,1.0,viola
350.0,351.0,52,E3,1.0,0,89,1.0,viola
351.0,354.5,49,C#3,3.5,0,89,2.0,viola
351.0,354.5,53,E#3,3.5,0,89,2.0,viola
358.0,366.0,49,C#3,8.0,0,91,1.0,viola
358.0,366.0,56,G#3,8.0,0,91,1.0,viola
366.0,370.0,49,C#3,4.0,0,93,1.0,viola
366.0,370.0,56,G#3,4.0,0,93,1.0,viola
370.0,370.25,56,G#3,0.25,0,94,1.0,viola
370.25,370.5,53,E#3,0.25,0,94,1.25,viola
370.5,370.75,56,G#3,0.25,0,94,1.5,viola
370.75,371.0,53,E#3,0.25,0,94,1.75,viola
371.0,371.25,54,F#3,0.25,0,94,2.0,viola
371.25,371.5,56,G#3,0.25,0,94,2.25,viola
371.5,371.75,56,G#3,0.25,0,94,2.5,viola
371.75,372.0,53,E#3,0.25,0,94,2.75,viola
372.0,372.25,54,F#3,0.25,0,94,3.0,viola
372.25,372.5,56,G#3,0.25,0,94,3.25,viola
372.5,372.75,56,G#3,0.25,0,94,3.5,viola
372.75,373.0,53,E#3,0.25,0,94,3.75,viola
373.0,373.25,54,F#3,0.25,0,94,4.0,viola
373.25,373.5,56,G#3,0.25,0,94,4.25,viola
373.5,373.75,56,G#3,0.25,0,94,4.5,viola
373.75,374.0,53,E#3,0.25,0,94,4.75,viola
374.0,374.375,58,A#3,0.375,0,95,3.0,viola
374.0,374.5,54,F#3,0.5,0,95,3.0,viola
374.375,374.5,60,B#3,0.125,0,95,3.375,viola
374.5,375.0,56,G#3,0.5,0,95,3.5,viola
374.5,375.0,53,E#3,0.5,0,95,3.5,viola
375.0,375.375,58,A#3,0.375,0,95,4.0,viola
375.0,375.5,54,F#3,0.5,0,95,4.0,viola
375.375,375.5,60,B#3,0.125,0,95,4.375,viola
375.5,376.0,56,G#3,0.5,0,95,4.5,viola
375.5,376.0,53,E#3,0.5,0,95,4.5,viola
376.0,376.375,58,A#3,0.375,0,95,1.0,viola
376.0,376.5,54,F#3,0.5,0,95,1.0,viola
376.375,376.5,60,B#3,0.125,0,95,1.375,viola
376.5,376.875,58,A#3,0.375,0,95,1.5,viola
376.5,377.0,54,F#3,0.5,0,95,1.5,viola
376.875,377.0,60,B#3,0.125,0,95,1.875,viola
377.0,377.375,58,A#3,0.375,0,95,2.0,viola
377.0,377.5,54,F#3,0.5,0,95,2.0,viola
377.375,377.5,60,B#3,0.125,0,95,2.375,viola
377.5,377.875,58,A#3,0.375,0,95,2.5,viola
377.5,378.0,54,F#3,0.5,0,95,2.5,viola
377.875,378.0,60,B#3,0.125,0,95,2.875,viola
378.0,378.1666666666667,61,C#4,0.1666666666666666,0,96,3.0,viola
378.0,378.1666666666667,57,A3,0.1666666666666666,0,96,3.0,viola
378.1666666666667,378.33333333333337,61,C#4,0.1666666666666666,0,96,3.1666666666666665,viola
378.1666666666667,378.33333333333337,57,A3,0.1666666666666666,0,96,3.1666666666666665,viola
378.3333333333333,378.5,61,C#4,0.1666666666666666,0,96,3.333333333333333,viola
378.3333333333333,378.5,57,A3,0.1666666666666666,0,96,3.333333333333333,viola
378.5,378.6666666666667,61,C#4,0.1666666666666666,0,96,3.5,viola
378.5,378.6666666666667,57,A3,0.1666666666666666,0,96,3.5,viola
378.6666666666667,378.83333333333337,61,C#4,0.1666666666666666,0,96,3.6666666666666665,viola
378.6666666666667,378.83333333333337,57,A3,0.1666666666666666,0,96,3.6666666666666665,viola
378.8333333333333,379.0,61,C#4,0.1666666666666666,0,96,3.8333333333333335,viola
378.8333333333333,379.0,57,A3,0.1666666666666666,0,96,3.8333333333333335,viola
379.0,380.0,61,C#4,1.0,0,96,4.0,viola
379.0,380.0,57,A3,1.0,0,96,4.0,viola
380.0,381.0,61,C#4,1.0,0,96,1.0,viola
380.0,381.0,57,A3,1.0,0,96,1.0,viola
381.0,382.0,61,C#4,1.0,0,96,2.0,viola
381.0,382.0,57,A3,1.0,0,96,2.0,viola
382.0,383.0,61,C#4,1.0,0,97,3.0,viola
382.0,383.0,57,A3,1.0,0,97,3.0,viola
383.0,384.0,61,C#4,1.0,0,97,4.0,viola
383.0,384.0,57,A3,1.0,0,97,4.0,viola
384.0,385.0,61,C#4,1.0,0,97,1.0,viola
384.0,385.0,57,A3,1.0,0,97,1.0,viola
385.0,386.0,61,C#4,1.0,0,97,2.0,viola
385.0,386.0,57,A3,1.0,0,97,2.0,viola
386.0,387.0,61,C#4,1.0,0,98,3.0,viola
386.0,387.0,57,A3,1.0,0,98,3.0,viola
387.0,388.0,61,C#4,1.0,0,98,4.0,viola
387.0,388.0,57,A3,1.0,0,98,4.0,viola
388.0,389.0,61,C#4,1.0,0,98,1.0,viola
388.0,389.0,57,A3,1.0,0,98,1.0,viola
389.0,390.0,61,C#4,1.0,0,98,2.0,viola
389.0,390.0,57,A3,1.0,0,98,2.0,viola
390.0,391.0,61,C#4,1.0,0,99,3.0,viola
390.0,391.0,57,A3,1.0,0,99,3.0,viola
391.0,391.75,61,C#4,0.75,0,99,4.0,viola
391.0,391.75,57,A3,0.75,0,99,4.0,viola
391.75,392.0,64,E4,0.25,0,99,4.75,viola
391.75,392.0,61,C#4,0.25,0,99,4.75,viola
392.0,393.0,64,E4,1.0,0,99,1.0,viola
392.0,393.0,61,C#4,1.0,0,99,1.0,viola
393.0,393.75,61,C#4,0.75,0,99,2.0,viola
393.0,393.75,57,A3,0.75,0,99,2.0,viola
393.75,394.0,64,E4,0.25,0,99,2.75,viola
393.75,394.0,61,C#4,0.25,0,99,2.75,viola
394.0,395.0,64,E4,1.0,0,100,3.0,viola
394.0,395.0,61,C#4,1.0,0,100,3.0,viola
395.0,395.75,61,C#4,0.75,0,100,4.0,viola
395.0,395.75,57,A3,0.75,0,100,4.0,viola
395.75,396.0,64,E4,0.25,0,100,4.75,viola
395.75,396.0,61,C#4,0.25,0,100,4.75,viola
396.0,397.0,64,E4,1.0,0,100,1.0,viola
396.0,397.0,61,C#4,1.0,0,100,1.0,viola
397.0,397.75,61,C#4,0.75,0,100,2.0,viola
397.0,397.75,57,A3,0.75,0,100,2.0,viola
397.75,398.0,64,E4,0.25,0,100,2.75,viola
397.75,398.0,61,C#4,0.25,0,100,2.75,viola
398.0,402.0,61,D-4,4.0,0,101,1.0,viola
398.0,402.0,65,F4,4.0,0,101,1.0,viola
402.0,406.0,61,D-4,4.0,0,102,1.0,viola
406.0,410.0,49,D-3,4.0,0,103,1.0,viola
406.0,410.0,61,D-4,4.0,0,103,1.0,viola
410.0,411.0,61,D-4,1.0,0,104,3.0,viola
410.0,411.0,51,E-3,1.0,0,104,3.0,viola
411.0,412.0,60,C4,1.0,0,104,4.0,viola
411.0,412.0,56,A-3,1.0,0,104,4.0,viola
412.0,414.0,56,A-3,2.0,0,104,1.0,viola
412.0,414.0,56,A-3,2.0,0,104,1.0,viola
414.0,414.5,54,G-3,0.5,0,105,1.0,viola
414.5,415.0,58,B-3,0.5,0,105,1.5,viola
415.0,416.0,58,B-3,1.0,0,105,2.0,viola
416.0,416.5,56,A-3,0.5,0,105,3.0,viola
416.5,417.0,53,F3,0.5,0,105,3.5,viola
417.0,418.0,54,G-3,1.0,0,105,4.0,viola
418.0,418.5,54,G-3,0.5,0,106,1.0,viola
418.5,419.0,58,B-3,0.5,0,106,1.5,viola
419.0,419.5,56,A-3,0.5,0,106,2.0,viola
419.5,420.0,53,F3,0.5,0,106,2.5,viola
420.0,422.0,54,G-3,2.0,0,106,3.0,viola
422.0,422.5,54,G-3,0.5,0,107,1.0,viola
422.5,423.0,58,B-3,0.5,0,107,1.5,viola
423.0,424.0,58,B-3,1.0,0,107,2.0,viola
424.0,424.5,56,A-3,0.5,0,107,3.0,viola
424.5,425.0,53,F3,0.5,0,107,3.5,viola
426.0,428.0,54,G-3,2.0,0,108,1.0,viola
429.0,429.5,54,G-3,0.5,0,108,4.0,viola
429.5,430.0,58,B-3,0.5,0,108,4.5,viola
430.0,430.5,56,A-3,0.5,0,109,1.0,viola
430.5,431.0,53,F3,0.5,0,109,1.5,viola
431.0,433.0,54,G-3,2.0,0,109,2.0,viola
434.0,442.0,49,D-3,8.0,0,110,1.0,viola
442.0,442.75,53,F3,0.75,0,112,1.0,viola
442.75,443.0,56,A-3,0.25,0,112,1.75,viola
443.0,444.0,56,A-3,1.0,0,112,2.0,viola
444.0,444.75,61,D-4,0.75,0,112,3.0,viola
444.75,445.0,63,E-4,0.25,0,112,3.75,viola
445.0,446.0,65,F4,1.0,0,112,4.0,viola
446.0,448.0,63,E-4,2.0,0,113,3.0,viola
446.0,448.0,61,D-4,2.0,0,113,3.0,viola
448.0,450.0,68,A-4,2.0,0,113,1.0,viola
448.0,450.0,56,A-3,2.0,0,113,1.0,viola
494.0,499.0,80,A-5,5.0,0,125,1.0,viola
