onset,offset,midi_number,pitch_name,duration,staff,measure,beat_in_measure,instrument
514.3333333333334,514.6666666666667,66,F#4,0.3333333333333333,0,130,1.3333333333333333,flute3
514.6666666666666,515.0,66,F#4,0.3333333333333333,0,130,1.6666666666666667,flute3
515.0,515.3333333333334,66,F#4,0.3333333333333333,0,130,2.0,flute3
515.3333333333334,515.6666666666667,66,F#4,0.3333333333333333,0,130,2.333333333333333,flute3
515.6666666666666,516.0,66,F#4,0.3333333333333333,0,130,2.6666666666666665,flute3
516.0,517.3333333333334,66,F#4,1.3333333333333333,0,130,3.0,flute3
518.3333333333334,518.6666666666667,66,F#4,0.3333333333333333,0,131,1.3333333333333333,flute3
518.6666666666666,519.0,66,F#4,0.3333333333333333,0,131,1.6666666666666667,flute3
519.0,519.3333333333334,66,F#4,0.3333333333333333,0,131,2.0,flute3
519.3333333333334,519.6666666666667,66,F#4,0.3333333333333333,0,131,2.333333333333333,flute3
519.6666666666666,520.0,66,F#4,0.3333333333333333,0,131,2.6666666666666665,flute3
520.3333333333334,520.6666666666667,68,G#4,0.3333333333333333,0,131,3.333333333333333,flute3
520.6666666666666,521.0,68,G#4,0.3333333333333333,0,131,3.6666666666666665,flute3
521.0,521.3333333333334,68,G#4,0.3333333333333333,0,131,4.0,flute3
521.3333333333334,521.6666666666667,68,G#4,0.3333333333333333,0,131,4.333333333333333,flute3
521.6666666666666,522.0,68,G#4,0.3333333333333333,0,131,4.666666666666667,flute3
522.3333333333334,522.6666666666667,74,D5,0.3333333333333333,0,132,1.3333333333333333,flute3
522.6666666666666,523.0,74,D5,0.3333333333333333,0,132,1.6666666666666667,flute3
523.0,523.3333333333334,74,D5,0.3333333333333333,0,132,2.0,flute3
523.3333333333334,523.6666666666667,74,D5,0.3333333333333333,0,132,2.333333333333333,flute3
523.6666666666666,524.0,74,D5,0.3333333333333333,0,132,2.6666666666666665,flute3
524.0,524.3333333333334,74,D5,0.3333333333333333,0,132,3.0,flute3
526.3333333333334,526.6666666666667,69,A4,0.3333333333333333,0,133,1.3333333333333333,flute3
526.6666666666666,527.0,69,A4,0.3333333333333333,0,133,1.6666666666666667,flute3
527.0,527.3333333333334,69,A4,0.3333333333333333,0,133,2.0,flute3
527.3333333333334,527.6666666666667,69,A4,0.3333333333333333,0,133,2.333333333333333,flute3
527.6666666666666,528.0,69,A4,0.3333333333333333,0,133,2.6666666666666665,flute3
528.3333333333334,528.6666666666667,73,C#5,0.3333333333333333,0,133,3.333333333333333,flute3
528.6666666666666,529.0,73,C#5,0.3333333333333333,0,133,3.6666666666666665,flute3
529.0,529.3333333333334,73,C#5,0.3333333333333333,0,133,4.0,flute3
529.3333333333334,529.6666666666667,73,C#5,0.3333333333333333,0,133,4.333333333333333,flute3
529.6666666666666,530.0,73,C#5,0.3333333333333333,0,133,4.666666666666667,flute3
530.3333333333334,530.6666666666667,74,D5,0.3333333333333333,0,134,1.3333333333333333,flute3
530.6666666666666,531.0,74,D5,0.3333333333333333,0,134,1.6666666666666667,flute3
531.0,531.3333333333334,74,D5,0.3333333333333333,0,134,2.0,flute3
531.3333333333334,531.6666666666667,74,D5,0.3333333333333333,0,134,2.333333333333333,flute3
532.0,534.0,81,A5,2.0,0,134,3.0,flute3
534.0,534.3333333333334,79,G5,0.3333333333333333,0,135,1.0,flute3
534.3333333333334,534.6666666666667,79,G5,0.3333333333333333,0,135,1.3333333333333333,flute3
534.6666666666666,535.0,79,G5,0.3333333333333333,0,135,1.6666666666666667,flute3
535.0,535.3333333333334,79,G5,0.3333333333333333,0,135,2.0,flute3
535.3333333333334,535.6666666666667,79,G5,0.3333333333333333,0,135,2.333333333333333,flute3
535.6666666666666,536.0,79,G5,0.3333333333333333,0,135,2.6666666666666665,flute3
536.0,538.0,79,G5,2.0,0,135,3.0,flute3
538.0,538.3333333333334,78,F#5,0.3333333333333333,0,136,1.0,flute3
538.3333333333334,538.6666666666667,78,F#5,0.3333333333333333,0,136,1.3333333333333333,flute3
538.6666666666666,539.0,78,F#5,0.3333333333333333,0,136,1.6666666666666667,flute3
539.0,539.3333333333334,78,F#5,0.3333333333333333,0,136,2.0,flute3
539.3333333333334,539.6666666666667,78,F#5,0.3333333333333333,0,136,2.333333333333333,flute3
539.6666666666666,540.0,78,F#5,0.3333333333333333,0,136,2.6666666666666665,flute3
540.0,542.0,71,B4,2.0,0,136,3.0,flute3
542.0,542.3333333333334,69,A4,0.3333333333333333,0,137,1.0,flute3
542.3333333333334,542.6666666666667,69,A4,0.3333333333333333,0,137,1.3333333333333333,flute3
542.6666666666666,543.0,69,A4,0.3333333333333333,0,137,1.6666666666666667,flute3
543.0,543.3333333333334,69,A4,0.3333333333333333,0,137,2.0,flute3
543.3333333333334,543.6666666666667,69,A4,0.3333333333333333,0,137,2.333333333333333,flute3
543.6666666666666,544.0,69,A4,0.3333333333333333,0,137,2.6666666666666665,flute3
544.0,546.0,73,C#5,2.0,0,137,3.0,flute3
546.3333333333334,546.6666666666667,74,D5,0.3333333333333333,0,138,1.3333333333333333,flute3
546.6666666666666,547.0,74,D5,0.3333333333333333,0,138,1.6666666666666667,flute3
547.0,547.3333333333334,74,D5,0.3333333333333333,0,138,2.0,flute3
547.3333333333334,547.6666666666667,74,D5,0.3333333333333333,0,138,2.333333333333333,flute3
548.0,550.0,81,A5,2.0,0,138,3.0,flute3
550.0,550.3333333333334,79,G5,0.3333333333333333,0,139,1.0,flute3
550.3333333333334,550.6666666666667,79,G5,0.3333333333333333,0,139,1.3333333333333333,flute3
550.6666666666666,551.0,79,G5,0.3333333333333333,0,139,1.6666666666666667,flute3
551.0,551.3333333333334,79,G5,0.3333333333333333,0,139,2.0,flute3
551.3333333333334,551.6666666666667,79,G5,0.3333333333333333,0,139,2.333333333333333,flute3
551.6666666666666,552.0,79,G5,0.3333333333333333,0,139,2.6666666666666665,flute3
552.0,554.0,79,G5,2.0,0,139,3.0,flute3
554.0,554.3333333333334,78,F#5,0.3333333333333333,0,140,1.0,flute3
554.3333333333334,554.6666666666667,78,F#5,0.3333333333333333,0,140,1.3333333333333333,flute3
554.6666666666666,555.0,78,F#5,0.3333333333333333,0,140,1.6666666666666667,flute3
555.0,555.3333333333334,78,F#5,0.3333333333333333,0,140,2.0,flute3
555.3333333333334,555.6666666666667,78,F#5,0.3333333333333333,0,140,2.333333333333333,flute3
555.6666666666666,556.0,78,F#5,0.3333333333333333,0,140,2.6666666666666665,flute3
556.0,558.0,71,B4,2.0,0,140,3.0,flute3
558.0,558.3333333333334,69,A4,0.3333333333333333,0,141,1.0,flute3
558.3333333333334,558.6666666666667,69,A4,0.3333333333333333,0,141,1.3333333333333333,flute3
558.6666666666666,559.0,69,A4,0.3333333333333333,0,141,1.6666666666666667,flute3
559.0,559.3333333333334,69,A4,0.3333333333333333,0,141,2.0,flute3
559.3333333333334,559.6666666666667,69,A4,0.3333333333333333,0,141,2.333333333333333,flute3
559.6666666666666,560.0,69,A4,0.3333333333333333,0,141,2.6666666666666665,flute3
560.0,562.0,73,C#5,2.0,0,141,3.0,flute3
562.3333333333334,562.6666666666667,74,D5,0.3333333333333333,0,142,1.3333333333333333,flute3
562.6666666666666,563.0,74,D5,0.3333333333333333,0,142,1.6666666666666667,flute3
563.0,563.3333333333334,74,D5,0.3333333333333333,0,142,2.0,flute3
563.3333333333334,563.6666666666667,74,D5,0.3333333333333333,0,142,2.333333333333333,flute3
563.6666666666666,564.0,74,D5,0.3333333333333333,0,142,2.6666666666666665,flute3
1246.3333333333333,1246.5,79,G5,0.1666666666666666,0,313,1.3333333333333333,flute3
1246.8333333333333,1247.0,82,A#5,0.1666666666666666,0,313,1.8333333333333333,flute3
1280.0,1282.0,63,D#4,2.0,0,321,3.0,flute3
1282.0,1284.0,64,E4,2.0,0,322,1.0,flute3
1284.0,1286.0,61,C#4,2.0,0,322,3.0,flute3
1286.0,1288.0,63,D#4,2.0,0,323,1.0,flute3
1354.0,1356.0,76,E5,2.0,0,340,1.0,flute3
1356.0,1357.5,76,E5,1.5,0,340,3.0,flute3
1357.5,1358.0,76,E5,0.5,0,340,4.5,flute3
1358.0,1361.5,78,F#5,3.5,0,341,1.0,flute3
1362.0,1364.0,76,E5,2.0,0,342,1.0,flute3
1364.0,1365.5,76,E5,1.5,0,342,3.0,flute3
1365.5,1366.0,76,E5,0.5,0,342,4.5,flute3
1366.0,1370.0,78,F#5,4.0,0,343,1.0,flute3
1370.0,1373.5,78,F#5,3.5,0,344,1.0,flute3
1373.5,1374.0,71,B4,0.5,0,344,4.5,flute3
1374.0,1378.0,66,F#4,4.0,0,345,1.0,flute3
