onset,offset,midi_number,pitch_name,duration,staff,measure,beat_in_measure,instrument
967.0,968.0,74,D5,1.0,0,273,1.0,sopranosolo
968.0,969.0,74,D5,1.0,0,273,2.0,sopranosolo
969.0,970.0,76,E5,1.0,0,273,3.0,sopranosolo
970.0,971.0,78,F#5,1.0,0,273,4.0,sopranosolo
971.0,972.0,78,F#5,1.0,0,274,1.0,sopranosolo
972.0,973.0,76,E5,1.0,0,274,2.0,sopranosolo
973.0,974.0,74,D5,1.0,0,274,3.0,sopranosolo
974.0,975.0,73,C#5,1.0,0,274,4.0,sopranosolo
975.0,976.0,74,D5,1.0,0,275,1.0,sopranosolo
976.0,977.0,74,D5,1.0,0,275,2.0,sopranosolo
977.0,978.0,76,E5,1.0,0,275,3.0,sopranosolo
978.0,979.0,78,F#5,1.0,0,275,4.0,sopranosolo
979.0,980.5,76,E5,1.5,0,276,1.0,sopranosolo
980.5,981.0,74,D5,0.5,0,276,2.5,sopranosolo
981.0,983.0,74,D5,2.0,0,276,3.0,sopranosolo
983.0,984.0,76,E5,1.0,0,277,1.0,sopranosolo
984.0,985.0,76,E5,1.0,0,277,2.0,sopranosolo
985.0,986.0,78,F#5,1.0,0,277,3.0,sopranosolo
986.0,987.0,74,D5,1.0,0,277,4.0,sopranosolo
987.0,988.0,76,E5,1.0,0,278,1.0,sopranosolo
988.0,988.5,78,F#5,0.5,0,278,2.0,sopranosolo
988.5,989.0,79,G5,0.5,0,278,2.5,sopranosolo
989.0,990.0,78,F#5,1.0,0,278,3.0,sopranosolo
990.0,991.0,74,D5,1.0,0,278,4.0,sopranosolo
991.0,992.0,76,E5,1.0,0,279,1.0,sopranosolo
992.0,992.5,78,F#5,0.5,0,279,2.0,sopranosolo
992.5,993.0,79,G5,0.5,0,279,2.5,sopranosolo
993.0,994.0,78,F#5,1.0,0,279,3.0,sopranosolo
994.0,995.0,76,E5,1.0,0,279,4.0,sopranosolo
995.0,996.0,74,D5,1.0,0,280,1.0,sopranosolo
996.0,997.0,76,E5,1.0,0,280,2.0,sopranosolo
997.0,998.0,69,A4,1.0,0,280,3.0,sopranosolo
998.0,1000.0,78,F#5,2.0,0,280,4.0,sopranosolo
1000.0,1001.0,78,F#5,1.0,0,281,2.0,sopranosolo
1001.0,1002.0,79,G5,1.0,0,281,3.0,sopranosolo
1002.0,1003.0,81,A5,1.0,0,281,4.0,sopranosolo
1003.0,1004.0,81,A5,1.0,0,282,1.0,sopranosolo
1004.0,1005.0,79,G5,1.0,0,282,2.0,sopranosolo
1005.0,1006.0,78,F#5,1.0,0,282,3.0,sopranosolo
1006.0,1007.0,76,E5,1.0,0,282,4.0,sopranosolo
1007.0,1008.0,74,D5,1.0,0,283,1.0,sopranosolo
1008.0,1009.0,74,D5,1.0,0,283,2.0,sopranosolo
1009.0,1010.0,76,E5,1.0,0,283,3.0,sopranosolo
1010.0,1011.0,78,F#5,1.0,0,283,4.0,sopranosolo
1011.0,1012.5,76,E5,1.5,0,284,1.0,sopranosolo
1012.5,1013.0,74,D5,0.5,0,284,2.5,sopranosolo
1013.0,1015.0,74,D5,2.0,0,284,3.0,sopranosolo
1093.5,1094.0,74,D5,0.5,0,304,3.5,sopranosolo
1094.0,1094.5,76,E5,0.5,0,304,4.0,sopranosolo
1094.5,1095.5,78,F#5,1.0,0,304,4.5,sopranosolo
1095.5,1096.0,76,E5,0.5,0,305,1.5,sopranosolo
1096.0,1096.5,74,D5,0.5,0,305,2.0,sopranosolo
1096.5,1097.0,76,E5,0.5,0,305,2.5,sopranosolo
1097.0,1097.5,79,G5,0.5,0,305,3.0,sopranosolo
1097.5,1098.0,78,F#5,0.5,0,305,3.5,sopranosolo
1098.0,1098.5,76,E5,0.5,0,305,4.0,sopranosolo
1098.5,1099.0,74,D5,0.5,0,305,4.5,sopranosolo
1099.0,1099.5,78,F#5,0.5,0,306,1.0,sopranosolo
1099.5,1100.0,76,E5,0.5,0,306,1.5,sopranosolo
1100.0,1100.5,74,D5,0.5,0,306,2.0,sopranosolo
1100.5,1101.0,76,E5,0.5,0,306,2.5,sopranosolo
1101.0,1101.5,79,G5,0.5,0,306,3.0,sopranosolo
1101.5,1102.0,78,F#5,0.5,0,306,3.5,sopranosolo
1102.0,1102.5,76,E5,0.5,0,306,4.0,sopranosolo
1102.5,1103.0,74,D5,0.5,0,306,4.5,sopranosolo
1103.0,1103.5,78,F#5,0.5,0,307,1.0,sopranosolo
1103.5,1104.0,76,E5,0.5,0,307,1.5,sopranosolo
1104.0,1104.5,74,D5,0.5,0,307,2.0,sopranosolo
1104.5,1105.0,76,E5,0.5,0,307,2.5,sopranosolo
1105.0,1105.5,79,G5,0.5,0,307,3.0,sopranosolo
1105.5,1106.0,78,F#5,0.5,0,307,3.5,sopranosolo
1106.0,1106.5,78,F#5,0.5,0,307,4.0,sopranosolo
1106.5,1107.0,76,E5,0.5,0,307,4.5,sopranosolo
1107.0,1107.5,76,E5,0.5,0,308,1.0,sopranosolo
1107.5,1108.0,74,D5,0.5,0,308,1.5,sopranosolo
1108.0,1108.5,74,D5,0.5,0,308,2.0,sopranosolo
1108.5,1109.0,76,E5,0.5,0,308,2.5,sopranosolo
1109.0,1110.0,69,A4,1.0,0,308,3.0,sopranosolo
1110.0,1111.5,78,F#5,1.5,0,308,4.0,sopranosolo
1111.5,1112.0,79,G5,0.5,0,309,1.5,sopranosolo
1112.0,1112.5,76,E5,0.5,0,309,2.0,sopranosolo
1112.5,1113.0,78,F#5,0.5,0,309,2.5,sopranosolo
1113.0,1113.5,79,G5,0.5,0,309,3.0,sopranosolo
1113.5,1114.0,81,A5,0.5,0,309,3.5,sopranosolo
1114.0,1114.5,83,B5,0.5,0,309,4.0,sopranosolo
1114.5,1115.0,81,A5,0.5,0,309,4.5,sopranosolo
1115.0,1115.5,81,A5,0.5,0,310,1.0,sopranosolo
1115.5,1116.0,79,G5,0.5,0,310,1.5,sopranosolo
1116.0,1116.5,83,B5,0.5,0,310,2.0,sopranosolo
1116.5,1117.0,79,G5,0.5,0,310,2.5,sopranosolo
1117.0,1117.5,78,F#5,0.5,0,310,3.0,sopranosolo
1117.5,1118.0,76,E5,0.5,0,310,3.5,sopranosolo
1118.0,1118.5,79,G5,0.5,0,310,4.0,sopranosolo
1118.5,1119.0,76,E5,0.5,0,310,4.5,sopranosolo
1119.0,1119.5,76,E5,0.5,0,311,1.0,sopranosolo
1119.5,1120.0,74,D5,0.5,0,311,1.5,sopranosolo
1120.0,1120.5,73,C#5,0.5,0,311,2.0,sopranosolo
1120.5,1121.0,74,D5,0.5,0,311,2.5,sopranosolo
1121.0,1121.5,78,F#5,0.5,0,311,3.0,sopranosolo
1121.5,1122.0,76,E5,0.5,0,311,3.5,sopranosolo
1122.0,1122.5,79,G5,0.5,0,311,4.0,sopranosolo
1122.5,1123.0,78,F#5,0.5,0,311,4.5,sopranosolo
1123.0,1123.5,78,F#5,0.5,0,312,1.0,sopranosolo
1123.5,1124.5,76,E5,1.0,0,312,1.5,sopranosolo
1124.5,1125.0,69,A4,0.5,0,312,2.5,sopranosolo
1125.0,1127.0,74,D5,2.0,0,312,3.0,sopranosolo
3028.0,3030.5,74,D5,2.5,0,769,1.0,sopranosolo
3030.5,3031.0,76,E5,0.5,0,769,2.25,sopranosolo
3031.0,3031.5,78,F#5,0.5,0,769,2.5,sopranosolo
3031.5,3032.0,74,D5,0.5,0,769,2.75,sopranosolo
3032.0,3033.0,76,E5,1.0,0,770,1.0,sopranosolo
3033.0,3034.0,76,E5,1.0,0,770,1.5,sopranosolo
3034.0,3035.0,76,E5,1.0,0,770,2.0,sopranosolo
3035.0,3036.0,76,E5,1.0,0,770,2.5,sopranosolo
3036.0,3037.5,76,E5,1.5,0,771,1.0,sopranosolo
3037.5,3038.0,74,D5,0.5,0,771,1.75,sopranosolo
3038.0,3040.0,74,D5,2.0,0,771,2.0,sopranosolo
3060.0,3062.5,73,C#5,2.5,0,777,1.0,sopranosolo
3062.5,3063.0,74,D5,0.5,0,777,2.25,sopranosolo
3063.0,3063.5,76,E5,0.5,0,777,2.5,sopranosolo
3063.5,3064.0,73,C#5,0.5,0,777,2.75,sopranosolo
3064.0,3065.0,74,D5,1.0,0,778,1.0,sopranosolo
3065.0,3066.0,74,D5,1.0,0,778,1.5,sopranosolo
3066.0,3067.0,74,D5,1.0,0,778,2.0,sopranosolo
3067.0,3068.0,74,D5,1.0,0,778,2.5,sopranosolo
3068.0,3069.5,74,D5,1.5,0,779,1.0,sopranosolo
3069.5,3070.0,73,C#5,0.5,0,779,1.75,sopranosolo
3070.0,3072.0,73,C#5,2.0,0,779,2.0,sopranosolo
3082.0,3085.0,76,E5,3.0,0,782,2.0,sopranosolo
3085.0,3086.0,76,E5,1.0,0,783,1.5,sopranosolo
3086.0,3087.0,74,D5,1.0,0,783,2.0,sopranosolo
3087.0,3088.0,74,D5,1.0,0,783,2.5,sopranosolo
3088.0,3089.0,79,G5,1.0,0,784,1.0,sopranosolo
3089.0,3090.0,79,G5,1.0,0,784,1.5,sopranosolo
3090.0,3091.0,78,F#5,1.0,0,784,2.0,sopranosolo
3091.0,3092.0,78,F#5,1.0,0,784,2.5,sopranosolo
3092.0,3093.0,78,F#5,1.0,0,785,1.0,sopranosolo
3093.0,3094.0,76,E5,1.0,0,785,1.5,sopranosolo
3094.0,3095.0,74,D5,1.0,0,785,2.0,sopranosolo
3095.0,3096.0,81,A5,1.0,0,785,2.5,sopranosolo
3096.0,3097.0,81,A5,1.0,0,786,1.0,sopranosolo
3097.0,3098.0,79,G5,1.0,0,786,1.5,sopranosolo
3098.0,3099.0,79,G5,1.0,0,786,2.0,sopranosolo
3099.0,3100.0,78,F#5,1.0,0,786,2.5,sopranosolo
3100.0,3101.0,69,A4,1.0,0,787,1.0,sopranosolo
3101.0,3102.0,73,C#5,1.0,0,787,1.5,sopranosolo
3102.0,3103.0,74,D5,1.0,0,787,2.0,sopranosolo
3103.0,3104.0,78,F#5,1.0,0,787,2.5,sopranosolo
3104.0,3105.0,81,A5,1.0,0,788,1.0,sopranosolo
3105.0,3106.0,73,C#5,1.0,0,788,1.5,sopranosolo
3106.0,3107.0,74,D5,1.0,0,788,2.0,sopranosolo
3107.0,3108.0,78,F#5,1.0,0,788,2.5,sopranosolo
3108.0,3109.0,69,A4,1.0,0,789,1.0,sopranosolo
3109.0,3110.0,73,C#5,1.0,0,789,1.5,sopranosolo
3110.0,3111.0,74,D5,1.0,0,789,2.0,sopranosolo
3111.0,3112.0,78,F#5,1.0,0,789,2.5,sopranosolo
3112.0,3113.0,81,A5,1.0,0,790,1.0,sopranosolo
3113.0,3114.0,73,C#5,1.0,0,790,1.5,sopranosolo
3114.0,3115.0,74,D5,1.0,0,790,2.0,sopranosolo
3115.0,3116.0,78,F#5,1.0,0,790,2.5,sopranosolo
3116.0,3117.0,78,F#5,1.0,0,791,1.0,sopranosolo
3117.0,3118.0,76,E5,1.0,0,791,1.5,sopranosolo
3118.0,3119.0,76,E5,1.0,0,791,2.0,sopranosolo
3119.0,3120.0,74,D5,1.0,0,791,2.5,sopranosolo
3120.0,3121.0,69,A4,1.0,0,792,1.0,sopranosolo
3121.0,3122.0,64,E4,1.0,0,792,1.5,sopranosolo
3122.0,3123.0,66,F#4,1.0,0,792,2.0,sopranosolo
3123.0,3124.0,74,D5,1.0,0,792,2.5,sopranosolo
3124.0,3125.0,76,E5,1.0,0,793,1.0,sopranosolo
3125.0,3126.0,76,E5,1.0,0,793,1.5,sopranosolo
3126.0,3127.0,74,D5,1.0,0,793,2.0,sopranosolo
3127.0,3128.0,74,D5,1.0,0,793,2.5,sopranosolo
3128.0,3129.0,79,G5,1.0,0,794,1.0,sopranosolo
3129.0,3130.0,79,G5,1.0,0,794,1.5,sopranosolo
3130.0,3131.0,78,F#5,1.0,0,794,2.0,sopranosolo
3131.0,3132.0,78,F#5,1.0,0,794,2.5,sopranosolo
3132.0,3133.0,69,A4,1.0,0,795,1.0,sopranosolo
3133.0,3134.0,73,C#5,1.0,0,795,1.5,sopranosolo
3134.0,3135.0,74,D5,1.0,0,795,2.0,sopranosolo
3135.0,3136.0,78,F#5,1.0,0,795,2.5,sopranosolo
3136.0,3137.0,81,A5,1.0,0,796,1.0,sopranosolo
3137.0,3138.0,73,C#5,1.0,0,796,1.5,sopranosolo
3138.0,3139.0,74,D5,1.0,0,796,2.0,sopranosolo
3139.0,3140.0,78,F#5,1.0,0,796,2.5,sopranosolo
3140.0,3141.0,81,A5,1.0,0,797,1.0,sopranosolo
3141.0,3142.0,79,G5,1.0,0,797,1.5,sopranosolo
3142.0,3143.0,81,A5,1.0,0,797,2.0,sopranosolo
3143.0,3144.0,78,F#5,1.0,0,797,2.5,sopranosolo
3144.0,3145.0,81,A5,1.0,0,798,1.0,sopranosolo
3145.0,3146.5,76,E5,1.5,0,798,1.5,sopranosolo
3146.5,3147.0,74,D5,0.5,0,798,2.25,sopranosolo
3147.0,3149.0,81,A5,2.0,0,798,2.5,sopranosolo
3149.0,3150.0,79,G5,1.0,0,799,1.5,sopranosolo
3150.0,3151.0,81,A5,1.0,0,799,2.0,sopranosolo
3151.0,3152.0,79,G5,1.0,0,799,2.5,sopranosolo
3152.0,3153.0,81,A5,1.0,0,800,1.0,sopranosolo
3153.0,3154.5,76,E5,1.5,0,800,1.5,sopranosolo
3154.5,3155.0,74,D5,0.5,0,800,2.25,sopranosolo
3155.0,3157.0,81,A5,2.0,0,800,2.5,sopranosolo
3157.0,3158.0,79,G5,1.0,0,801,1.5,sopranosolo
3158.0,3159.0,79,G5,1.0,0,801,2.0,sopranosolo
3274.0,3275.5,79,G5,1.5,0,830,2.0,sopranosolo
3275.5,3276.0,79,G5,0.5,0,830,2.75,sopranosolo
3276.0,3277.0,79,G5,1.0,0,831,1.0,sopranosolo
3277.0,3278.0,79,G5,1.0,0,831,1.5,sopranosolo
3278.0,3279.5,80,G#5,1.5,0,831,2.0,sopranosolo
3279.5,3280.0,80,G#5,0.5,0,831,2.75,sopranosolo
3280.0,3283.0,80,G#5,3.0,0,832,1.0,sopranosolo
3283.0,3284.0,80,G#5,1.0,0,832,2.5,sopranosolo
3284.0,3285.25,80,G#5,1.25,0,833,1.0,sopranosolo
3285.0,3286.0,76,E5,1.0,0,833,1.5,sopranosolo
3285.25,3285.5,76,E5,0.25,0,833,1.625,sopranosolo
3285.5,3286.0,76,E5,0.5,0,833,1.75,sopranosolo
3286.0,3287.0,76,E5,1.0,0,833,2.0,sopranosolo
3287.0,3288.0,76,E5,1.0,0,833,2.5,sopranosolo
3288.0,3288.5,76,E5,0.5,0,834,1.0,sopranosolo
3288.5,3289.0,75,D#5,0.5,0,834,1.25,sopranosolo
3289.0,3290.0,75,D#5,1.0,0,834,1.5,sopranosolo
3290.0,3291.0,75,D#5,1.0,0,834,2.0,sopranosolo
3291.0,3292.0,75,D#5,1.0,0,834,2.5,sopranosolo
3292.0,3293.5,73,C#5,1.5,0,835,1.0,sopranosolo
3293.5,3293.6666666666665,75,D#5,0.1666666666666666,0,835,1.75,sopranosolo
3293.6666666666665,3293.833333333333,73,C#5,0.1666666666666666,0,835,1.8333333333333333,sopranosolo
3293.833333333333,3294.0,72,B#4,0.1666666666666666,0,835,1.9166666666666667,sopranosolo
3294.0,3294.333333333333,73,C#5,0.3333333333333333,0,835,2.0,sopranosolo
3294.333333333333,3294.666666666667,68,G#4,0.3333333333333333,0,835,2.1666666666666665,sopranosolo
3294.6666666666665,3295.0,75,D#5,0.3333333333333333,0,835,2.333333333333333,sopranosolo
3295.0,3295.333333333333,78,F#5,0.3333333333333333,0,835,2.5,sopranosolo
3295.333333333333,3295.666666666667,76,E5,0.3333333333333333,0,835,2.6666666666666665,sopranosolo
3295.6666666666665,3296.0,73,C#5,0.3333333333333333,0,835,2.833333333333333,sopranosolo
3296.0,3296.333333333333,71,B4,0.3333333333333333,0,836,1.0,sopranosolo
3296.333333333333,3296.666666666667,73,C#5,0.3333333333333333,0,836,1.1666666666666667,sopranosolo
3296.6666666666665,3297.0,70,A#4,0.3333333333333333,0,836,1.3333333333333333,sopranosolo
3297.0,3297.333333333333,71,B4,0.3333333333333333,0,836,1.5,sopranosolo
3297.333333333333,3297.666666666667,73,C#5,0.3333333333333333,0,836,1.6666666666666667,sopranosolo
3297.6666666666665,3298.0,75,D#5,0.3333333333333333,0,836,1.8333333333333333,sopranosolo
3298.0,3298.333333333333,76,E5,0.3333333333333333,0,836,2.0,sopranosolo
3298.333333333333,3298.666666666667,77,E#5,0.3333333333333333,0,836,2.1666666666666665,sopranosolo
3298.6666666666665,3299.0,78,F#5,0.3333333333333333,0,836,2.333333333333333,sopranosolo
3299.0,3299.25,77,E#5,0.25,0,836,2.5,sopranosolo
3299.25,3299.5,78,F#5,0.25,0,836,2.625,sopranosolo
3299.5,3299.75,80,G#5,0.25,0,836,2.75,sopranosolo
3299.75,3300.0,78,F#5,0.25,0,836,2.875,sopranosolo
3300.0,3303.0,78,F#5,3.0,0,837,1.0,sopranosolo
3303.0,3304.0,76,E5,1.0,0,837,2.5,sopranosolo
3304.0,3304.5,75,D#5,0.5,0,838,1.0,sopranosolo
3304.5,3305.0,75,D#5,0.5,0,838,1.25,sopranosolo
3305.0,3308.0,75,D#5,3.0,0,838,1.5,sopranosolo
3308.5,3309.0,75,D#5,0.5,0,839,1.25,sopranosolo
3309.0,3312.0,75,D#5,3.0,0,839,1.5,sopranosolo
3312.0,3313.0,73,C#5,1.0,0,840,1.0,sopranosolo
3313.0,3314.0,78,F#5,1.0,0,840,1.5,sopranosolo
3314.0,3315.0,80,G#5,1.0,0,840,2.0,sopranosolo
3315.0,3316.0,82,A#5,1.0,0,840,2.5,sopranosolo
3316.0,3317.0,83,B5,1.0,0,841,1.0,sopranosolo
3317.0,3317.5,83,B5,0.5,0,841,1.5,sopranosolo
3317.5,3318.0,78,F#5,0.5,0,841,1.75,sopranosolo
3318.0,3324.0,78,F#5,6.0,0,841,2.0,sopranosolo
