onset,offset,midi_number,pitch_name,duration,staff,measure,beat_in_measure, instrument,tie_type,mode,select_time
24.0,36.0,86,D6,12.0,0,9,1.0,flute,<music21.tie.Tie continue>,note,3
36.0,37.0,86,D6,1.0,0,13,1.0,flute,None,note,0
37.0,38.0,86,D6,1.0,0,13,2.0,flute,None,note,0
38.0,39.0,86,D6,1.0,0,13,3.0,flute,None,note,0
39.0,40.0,84,C6,1.0,0,14,1.0,flute,None,note,0
40.0,41.0,84,C6,1.0,0,14,2.0,flute,None,note,0
41.0,42.0,84,C6,1.0,0,14,3.0,flute,None,note,0
42.0,43.0,81,A5,1.0,0,15,1.0,flute,None,note,0
43.0,44.0,81,A5,1.0,0,15,2.0,flute,None,note,0
44.0,45.0,81,A5,1.0,0,15,3.0,flute,None,note,0
45.0,46.0,79,G5,1.0,0,16,1.0,flute,None,note,0
72.0,84.0,86,D6,12.0,0,25,1.0,flute,<music21.tie.Tie continue>,note,3
84.0,85.0,86,D6,1.0,0,29,1.0,flute,None,note,0
85.0,86.0,86,D6,1.0,0,29,2.0,flute,None,note,0
86.0,87.0,86,D6,1.0,0,29,3.0,flute,None,note,0
87.0,88.0,84,C6,1.0,0,30,1.0,flute,None,note,0
88.0,89.0,84,C6,1.0,0,30,2.0,flute,None,note,0
89.0,90.0,84,C6,1.0,0,30,3.0,flute,None,note,0
90.0,91.0,81,A5,1.0,0,31,1.0,flute,None,note,0
91.0,92.0,81,A5,1.0,0,31,2.0,flute,None,note,0
92.0,93.0,81,A5,1.0,0,31,3.0,flute,None,note,0
93.0,94.0,79,G5,1.0,0,32,1.0,flute,None,note,0
110.0,111.0,79,G5,1.0,0,37,3.0,flute,None,note,0
111.0,113.0,81,A5,2.0,0,38,1.0,flute,None,note,0
113.0,114.0,83,B5,1.0,0,38,3.0,flute,None,note,0
114.0,116.0,84,C6,2.0,0,39,1.0,flute,None,note,0
116.0,117.0,87,E-6,1.0,0,39,3.0,flute,None,note,0
117.0,118.0,86,D6,1.0,0,40,1.0,flute,None,note,0
124.0,125.0,91,G6,1.0,0,42,2.0,flute,None,note,0
125.0,126.0,91,G6,1.0,0,42,3.0,flute,None,note,0
126.0,128.0,91,G6,2.0,0,43,1.0,flute,None,note,0
128.0,128.5,88,E6,0.5,0,43,3.0,flute,None,note,0
128.5,129.0,84,C6,0.5,0,43,3.5,flute,None,note,0
129.0,131.0,79,G5,2.0,0,44,1.0,flute,None,note,0
131.0,132.0,78,F#5,1.0,0,44,3.0,flute,None,note,0
132.0,133.0,77,F5,1.0,0,45,1.0,flute,None,note,0
133.0,134.0,76,E5,1.0,0,45,2.0,flute,None,note,0
134.0,135.0,74,D5,1.0,0,45,3.0,flute,None,note,0
135.0,137.0,72,C5,2.0,0,46,1.0,flute,None,note,0
137.0,137.5,74,D5,0.5,0,46,3.0,flute,None,note,0
137.5,137.75,72,C5,0.25,0,46,3.5,flute,None,note,0
137.75,138.0,74,D5,0.25,0,46,3.75,flute,None,note,0
138.0,139.0,76,E5,1.0,0,47,1.0,flute,None,note,0
139.0,140.0,77,F5,1.0,0,47,2.0,flute,None,note,0
140.0,141.0,79,G5,1.0,0,47,3.0,flute,None,note,0
141.0,143.0,81,A5,2.0,0,48,1.0,flute,None,note,0
143.0,144.0,80,G#5,1.0,0,48,3.0,flute,None,note,0
144.0,145.0,79,G5,1.0,0,49,1.0,flute,None,note,0
145.0,146.0,78,F#5,1.0,0,49,2.0,flute,None,note,0
146.0,147.0,76,E5,1.0,0,49,3.0,flute,None,note,0
147.0,148.0,74,D5,1.0,0,50,1.0,flute,None,note,0
148.0,149.0,78,F#5,1.0,0,50,2.0,flute,None,note,0
149.0,149.5,79,G5,0.5,0,50,3.0,flute,None,note,0
149.5,149.75,78,F#5,0.25,0,50,3.5,flute,None,note,0
149.75,150.0,79,G5,0.25,0,50,3.75,flute,None,note,0
150.0,151.0,81,A5,1.0,0,51,1.0,flute,None,note,0
151.0,152.0,83,B5,1.0,0,51,2.0,flute,None,note,0
152.0,153.0,84,C6,1.0,0,51,3.0,flute,None,note,0
153.0,155.0,86,D6,2.0,0,52,1.0,flute,None,note,0
155.0,156.0,85,C#6,1.0,0,52,3.0,flute,None,note,0
156.0,157.0,84,C6,1.0,0,53,1.0,flute,None,note,0
157.0,158.0,83,B5,1.0,0,53,2.0,flute,None,note,0
158.0,159.0,81,A5,1.0,0,53,3.0,flute,None,note,0
159.0,161.0,79,G5,2.0,0,54,1.0,flute,None,note,0
161.0,161.5,81,A5,0.5,0,54,3.0,flute,None,note,0
161.5,161.75,79,G5,0.25,0,54,3.5,flute,None,note,0
161.75,162.0,81,A5,0.25,0,54,3.75,flute,None,note,0
162.0,163.0,83,B5,1.0,0,55,1.0,flute,None,note,0
163.0,164.0,84,C6,1.0,0,55,2.0,flute,None,note,0
164.0,165.0,86,D6,1.0,0,55,3.0,flute,None,note,0
165.0,166.0,88,E6,1.0,0,56,1.0,flute,None,note,0
166.0,167.0,83,B5,1.0,0,56,2.0,flute,None,note,0
167.0,168.0,84,C6,1.0,0,56,3.0,flute,None,note,0
168.0,169.0,81,A5,1.0,0,57,1.0,flute,None,note,0
169.0,170.0,76,E5,1.0,0,57,2.0,flute,None,note,0
170.0,171.0,77,F5,1.0,0,57,3.0,flute,None,note,0
171.0,171.5,79,G5,0.5,0,58,1.0,flute,None,note,0
171.5,172.0,81,A5,0.5,0,58,1.5,flute,None,note,0
172.0,172.5,79,G5,0.5,0,58,2.0,flute,None,note,0
172.5,173.0,76,E5,0.5,0,58,2.5,flute,None,note,0
173.0,173.5,77,F5,0.5,0,58,3.0,flute,None,note,0
173.5,174.0,74,D5,0.5,0,58,3.5,flute,None,note,0
174.0,175.0,72,C5,1.0,0,59,1.0,flute,None,note,0
189.0,191.0,86,D6,2.0,0,64,1.0,flute,None,note,0
191.0,192.0,85,C#6,1.0,0,64,3.0,flute,None,note,0
192.0,193.0,84,C6,1.0,0,65,1.0,flute,None,note,0
193.0,194.0,83,B5,1.0,0,65,2.0,flute,None,note,0
194.0,195.0,81,A5,1.0,0,65,3.0,flute,None,note,0
195.0,196.0,79,G5,1.0,0,66,1.0,flute,None,note,0
201.0,203.0,91,G6,2.0,0,68,1.0,flute,None,note,0
203.0,204.0,90,F#6,1.0,0,68,3.0,flute,None,note,0
204.0,204.5,89,F6,0.5,0,69,1.0,flute,None,note,0
205.0,205.5,86,D6,0.5,0,69,2.0,flute,None,note,0
206.0,206.5,83,B5,0.5,0,69,3.0,flute,None,note,0
207.0,209.0,91,G6,2.0,0,70,1.0,flute,None,note,0
209.0,210.0,90,F#6,1.0,0,70,3.0,flute,None,note,0
210.0,210.5,89,F6,0.5,0,71,1.0,flute,None,note,0
211.0,211.5,86,D6,0.5,0,71,2.0,flute,None,note,0
212.0,212.5,83,B5,0.5,0,71,3.0,flute,None,note,0
213.0,214.0,84,C6,1.0,0,72,1.0,flute,None,note,0
214.0,215.0,84,C6,1.0,0,72,2.0,flute,None,note,0
215.0,216.0,84,C6,1.0,0,72,3.0,flute,None,note,0
216.0,217.0,89,F6,1.0,0,73,1.0,flute,None,note,0
217.0,218.0,89,F6,1.0,0,73,2.0,flute,None,note,0
218.0,219.0,89,F6,1.0,0,73,3.0,flute,None,note,0
219.0,220.0,86,D6,1.0,0,74,1.0,flute,None,note,0
220.0,221.0,86,D6,1.0,0,74,2.0,flute,None,note,0
221.0,222.0,86,D6,1.0,0,74,3.0,flute,None,note,0
222.0,223.0,84,C6,1.0,0,75,1.0,flute,None,note,0
239.0,240.0,79,G5,1.0,0,80,3.0,flute,None,note,0
240.0,242.0,81,A5,2.0,0,81,1.0,flute,None,note,0
242.0,243.0,83,B5,1.0,0,81,3.0,flute,None,note,0
243.0,245.0,84,C6,2.0,0,82,1.0,flute,None,note,0
245.0,246.0,87,E-6,1.0,0,82,3.0,flute,None,note,0
246.0,247.0,86,D6,1.0,0,83,1.0,flute,None,note,0
253.0,254.0,91,G6,1.0,0,85,2.0,flute,None,note,0
254.0,255.0,91,G6,1.0,0,85,3.0,flute,None,note,0
255.0,257.0,91,G6,2.0,0,86,1.0,flute,None,note,0
257.0,257.5,88,E6,0.5,0,86,3.0,flute,None,note,0
257.5,258.0,84,C6,0.5,0,86,3.5,flute,None,note,0
258.0,260.0,79,G5,2.0,0,87,1.0,flute,None,note,0
260.0,261.0,78,F#5,1.0,0,87,3.0,flute,None,note,0
261.0,262.0,77,F5,1.0,0,88,1.0,flute,None,note,0
262.0,263.0,76,E5,1.0,0,88,2.0,flute,None,note,0
263.0,264.0,74,D5,1.0,0,88,3.0,flute,None,note,0
264.0,266.0,72,C5,2.0,0,89,1.0,flute,None,note,0
266.0,266.5,74,D5,0.5,0,89,3.0,flute,None,note,0
266.5,266.75,72,C5,0.25,0,89,3.5,flute,None,note,0
266.75,267.0,74,D5,0.25,0,89,3.75,flute,None,note,0
267.0,268.0,76,E5,1.0,0,90,1.0,flute,None,note,0
268.0,269.0,77,F5,1.0,0,90,2.0,flute,None,note,0
269.0,270.0,79,G5,1.0,0,90,3.0,flute,None,note,0
270.0,272.0,81,A5,2.0,0,91,1.0,flute,None,note,0
272.0,273.0,80,G#5,1.0,0,91,3.0,flute,None,note,0
273.0,274.0,79,G5,1.0,0,92,1.0,flute,None,note,0
274.0,275.0,78,F#5,1.0,0,92,2.0,flute,None,note,0
275.0,276.0,76,E5,1.0,0,92,3.0,flute,None,note,0
276.0,277.0,74,D5,1.0,0,93,1.0,flute,None,note,0
277.0,278.0,78,F#5,1.0,0,93,2.0,flute,None,note,0
278.0,278.5,79,G5,0.5,0,93,3.0,flute,None,note,0
278.5,278.75,78,F#5,0.25,0,93,3.5,flute,None,note,0
278.75,279.0,79,G5,0.25,0,93,3.75,flute,None,note,0
279.0,280.0,81,A5,1.0,0,94,1.0,flute,None,note,0
280.0,281.0,83,B5,1.0,0,94,2.0,flute,None,note,0
281.0,282.0,84,C6,1.0,0,94,3.0,flute,None,note,0
282.0,284.0,86,D6,2.0,0,95,1.0,flute,None,note,0
284.0,285.0,85,C#6,1.0,0,95,3.0,flute,None,note,0
285.0,286.0,84,C6,1.0,0,96,1.0,flute,None,note,0
286.0,287.0,83,B5,1.0,0,96,2.0,flute,None,note,0
287.0,288.0,81,A5,1.0,0,96,3.0,flute,None,note,0
288.0,290.0,79,G5,2.0,0,97,1.0,flute,None,note,0
290.0,290.5,81,A5,0.5,0,97,3.0,flute,None,note,0
290.5,290.75,79,G5,0.25,0,97,3.5,flute,None,note,0
290.75,291.0,81,A5,0.25,0,97,3.75,flute,None,note,0
291.0,292.0,83,B5,1.0,0,98,1.0,flute,None,note,0
292.0,293.0,84,C6,1.0,0,98,2.0,flute,None,note,0
293.0,294.0,86,D6,1.0,0,98,3.0,flute,None,note,0
294.0,295.0,88,E6,1.0,0,99,1.0,flute,None,note,0
295.0,296.0,83,B5,1.0,0,99,2.0,flute,None,note,0
296.0,297.0,84,C6,1.0,0,99,3.0,flute,None,note,0
297.0,298.0,81,A5,1.0,0,100,1.0,flute,None,note,0
298.0,299.0,76,E5,1.0,0,100,2.0,flute,None,note,0
299.0,300.0,77,F5,1.0,0,100,3.0,flute,None,note,0
300.0,300.5,79,G5,0.5,0,101,1.0,flute,None,note,0
300.5,301.0,81,A5,0.5,0,101,1.5,flute,None,note,0
301.0,301.5,79,G5,0.5,0,101,2.0,flute,None,note,0
301.5,302.0,76,E5,0.5,0,101,2.5,flute,None,note,0
302.0,302.5,77,F5,0.5,0,101,3.0,flute,None,note,0
302.5,303.0,74,D5,0.5,0,101,3.5,flute,None,note,0
303.0,304.0,72,C5,1.0,0,102,1.0,flute,None,note,0
318.0,320.0,86,D6,2.0,0,107,1.0,flute,None,note,0
320.0,321.0,85,C#6,1.0,0,107,3.0,flute,None,note,0
321.0,322.0,84,C6,1.0,0,108,1.0,flute,None,note,0
322.0,323.0,83,B5,1.0,0,108,2.0,flute,None,note,0
323.0,324.0,81,A5,1.0,0,108,3.0,flute,None,note,0
324.0,325.0,79,G5,1.0,0,109,1.0,flute,None,note,0
330.0,332.0,91,G6,2.0,0,111,1.0,flute,None,note,0
332.0,333.0,90,F#6,1.0,0,111,3.0,flute,None,note,0
333.0,333.5,89,F6,0.5,0,112,1.0,flute,None,note,0
334.0,334.5,86,D6,0.5,0,112,2.0,flute,None,note,0
335.0,335.5,83,B5,0.5,0,112,3.0,flute,None,note,0
336.0,338.0,91,G6,2.0,0,113,1.0,flute,None,note,0
338.0,339.0,90,F#6,1.0,0,113,3.0,flute,None,note,0
339.0,339.5,89,F6,0.5,0,114,1.0,flute,None,note,0
340.0,340.5,86,D6,0.5,0,114,2.0,flute,None,note,0
341.0,341.5,83,B5,0.5,0,114,3.0,flute,None,note,0
342.0,343.0,84,C6,1.0,0,115,1.0,flute,None,note,0
343.0,344.0,84,C6,1.0,0,115,2.0,flute,None,note,0
344.0,345.0,84,C6,1.0,0,115,3.0,flute,None,note,0
345.0,346.0,89,F6,1.0,0,116,1.0,flute,None,note,0
346.0,347.0,89,F6,1.0,0,116,2.0,flute,None,note,0
347.0,348.0,89,F6,1.0,0,116,3.0,flute,None,note,0
348.0,349.0,86,D6,1.0,0,117,1.0,flute,None,note,0
349.0,350.0,86,D6,1.0,0,117,2.0,flute,None,note,0
350.0,351.0,86,D6,1.0,0,117,3.0,flute,None,note,0
351.0,352.0,84,C6,1.0,0,118,1.0,flute,None,note,0
354.0,357.0,71,B4,3.0,0,60,1.0,flute,None,note,0
357.0,358.0,72,C5,1.0,0,61,1.0,flute,None,note,0
366.0,369.0,71,B4,3.0,0,64,1.0,flute,None,note,0
369.0,370.0,72,C5,1.0,0,65,1.0,flute,None,note,0
378.0,381.0,71,B4,3.0,0,68,1.0,flute,None,note,0
381.0,382.0,72,C5,1.0,0,69,1.0,flute,None,note,0
390.0,393.0,71,B4,3.0,0,72,1.0,flute,None,note,0
393.0,394.0,72,C5,1.0,0,73,1.0,flute,None,note,0
402.0,405.0,80,G#5,3.0,0,76,1.0,flute,None,note,0
405.0,408.0,81,A5,3.0,0,77,1.0,flute,None,note,0
408.0,411.0,84,C6,3.0,0,78,1.0,flute,None,note,0
411.0,414.0,83,B5,3.0,0,79,1.0,flute,None,note,0
414.0,417.0,86,D6,3.0,0,80,1.0,flute,None,note,0
417.0,420.0,84,C6,3.0,0,81,1.0,flute,None,note,0
420.0,423.0,90,F#6,3.0,0,82,1.0,flute,None,note,0
423.0,424.0,88,E6,1.0,0,83,1.0,flute,None,note,0
438.0,441.0,71,B4,3.0,0,88,1.0,flute,None,note,0
441.0,442.0,72,C5,1.0,0,89,1.0,flute,None,note,0
450.0,453.0,83,B5,3.0,0,92,1.0,flute,None,note,0
453.0,454.0,84,C6,1.0,0,93,1.0,flute,None,note,0
456.5,457.0,79,G5,0.5,0,94,1.5,flute,None,note,0
457.0,457.5,83,B5,0.5,0,94,2.0,flute,None,note,0
457.5,458.0,86,D6,0.5,0,94,2.5,flute,None,note,0
458.0,458.5,89,F6,0.5,0,94,3.0,flute,None,note,0
458.5,459.0,86,D6,0.5,0,94,3.5,flute,None,note,0
459.0,460.0,84,C6,1.0,0,95,1.0,flute,None,note,0
460.0,461.0,88,E6,1.0,0,95,2.0,flute,None,note,0
461.0,462.0,84,C6,1.0,0,95,3.0,flute,None,note,0
462.0,465.0,80,G#5,3.0,0,96,1.0,flute,None,note,0
465.0,468.0,81,A5,3.0,0,97,1.0,flute,None,note,0
468.0,471.0,84,C6,3.0,0,98,1.0,flute,None,note,0
471.0,474.0,83,B5,3.0,0,99,1.0,flute,None,note,0
474.0,477.0,86,D6,3.0,0,100,1.0,flute,None,note,0
477.0,480.0,84,C6,3.0,0,101,1.0,flute,None,note,0
480.0,483.0,90,F#6,3.0,0,102,1.0,flute,None,note,0
483.0,484.0,88,E6,1.0,0,103,1.0,flute,None,note,0
498.0,501.0,71,B4,3.0,0,108,1.0,flute,None,note,0
501.0,502.0,72,C5,1.0,0,109,1.0,flute,None,note,0
510.0,513.0,83,B5,3.0,0,112,1.0,flute,None,note,0
513.0,514.0,84,C6,1.0,0,113,1.0,flute,None,note,0
516.5,517.0,79,G5,0.5,0,114,1.5,flute,None,note,0
517.0,517.5,83,B5,0.5,0,114,2.0,flute,None,note,0
517.5,518.0,86,D6,0.5,0,114,2.5,flute,None,note,0
518.0,518.5,89,F6,0.5,0,114,3.0,flute,None,note,0
518.5,519.0,86,D6,0.5,0,114,3.5,flute,None,note,0
519.0,520.0,84,C6,1.0,0,115,1.0,flute,None,note,0
520.0,521.0,88,E6,1.0,0,115,2.0,flute,None,note,0
521.0,522.0,84,C6,1.0,0,115,3.0,flute,None,note,0
