onset,offset,midi_number,pitch_name,duration,staff,measure,beat_in_measure,instrument
0.5,1.0,52,E3,0.5,0,1,1.5,horn2
1.0,6.0,52,E3,5.0,0,1,2.0,horn2
6.5,7.0,47,B2,0.5,0,3,1.5,horn2
7.0,12.0,47,B2,5.0,0,3,2.0,horn2
121.0,123.0,64,E4,2.0,0,41,2.0,horn2
123.0,125.0,62,D4,2.0,0,42,1.0,horn2
125.0,127.0,61,C#4,2.0,0,42,3.0,horn2
127.0,129.0,60,C4,2.0,0,43,2.0,horn2
129.0,131.0,59,B3,2.0,0,44,1.0,horn2
131.0,133.0,52,E3,2.0,0,44,3.0,horn2
133.0,135.0,64,E4,2.0,0,45,2.0,horn2
135.0,137.0,62,D4,2.0,0,46,1.0,horn2
137.0,139.0,61,C#4,2.0,0,46,3.0,horn2
139.0,141.0,60,C4,2.0,0,47,2.0,horn2
141.0,143.0,59,B3,2.0,0,48,1.0,horn2
143.0,145.0,52,E3,2.0,0,48,3.0,horn2
145.0,147.0,64,E4,2.0,0,49,2.0,horn2
147.0,149.0,64,E4,2.0,0,50,1.0,horn2
149.0,151.0,64,E4,2.0,0,50,3.0,horn2
151.0,153.0,64,E4,2.0,0,51,2.0,horn2
153.0,155.0,64,E4,2.0,0,52,1.0,horn2
155.0,157.0,64,E4,2.0,0,52,3.0,horn2
157.0,159.0,64,E4,2.0,0,53,2.0,horn2
159.0,161.0,64,E4,2.0,0,54,1.0,horn2
161.0,163.0,64,E4,2.0,0,54,3.0,horn2
163.0,165.0,64,E4,2.0,0,55,2.0,horn2
165.0,165.5,64,E4,0.5,0,56,1.0,horn2
165.5,166.0,64,E4,0.5,0,56,1.5,horn2
166.0,167.0,64,E4,1.0,0,56,2.0,horn2
167.0,168.0,66,F#4,1.0,0,56,3.0,horn2
168.0,168.5,64,E4,0.5,0,57,1.0,horn2
168.5,169.0,64,E4,0.5,0,57,1.5,horn2
169.0,170.0,64,E4,1.0,0,57,2.0,horn2
170.0,171.0,66,F#4,1.0,0,57,3.0,horn2
171.0,171.5,64,E4,0.5,0,58,1.0,horn2
171.5,172.0,64,E4,0.5,0,58,1.5,horn2
172.0,173.0,64,E4,1.0,0,58,2.0,horn2
173.0,174.0,66,F#4,1.0,0,58,3.0,horn2
174.0,175.0,64,E4,1.0,0,59,1.0,horn2
177.5,178.0,52,E3,0.5,0,1,1.5,horn2
178.0,183.0,52,E3,5.0,0,1,2.0,horn2
183.5,184.0,47,B2,0.5,0,3,1.5,horn2
184.0,189.0,47,B2,5.0,0,3,2.0,horn2
298.0,300.0,64,E4,2.0,0,41,2.0,horn2
300.0,302.0,62,D4,2.0,0,42,1.0,horn2
302.0,304.0,61,C#4,2.0,0,42,3.0,horn2
304.0,306.0,60,C4,2.0,0,43,2.0,horn2
306.0,308.0,59,B3,2.0,0,44,1.0,horn2
308.0,310.0,52,E3,2.0,0,44,3.0,horn2
310.0,312.0,64,E4,2.0,0,45,2.0,horn2
312.0,314.0,62,D4,2.0,0,46,1.0,horn2
314.0,316.0,61,C#4,2.0,0,46,3.0,horn2
316.0,318.0,60,C4,2.0,0,47,2.0,horn2
318.0,320.0,59,B3,2.0,0,48,1.0,horn2
320.0,322.0,52,E3,2.0,0,48,3.0,horn2
322.0,324.0,64,E4,2.0,0,49,2.0,horn2
324.0,326.0,64,E4,2.0,0,50,1.0,horn2
326.0,328.0,64,E4,2.0,0,50,3.0,horn2
328.0,330.0,64,E4,2.0,0,51,2.0,horn2
330.0,332.0,64,E4,2.0,0,52,1.0,horn2
332.0,334.0,64,E4,2.0,0,52,3.0,horn2
334.0,336.0,64,E4,2.0,0,53,2.0,horn2
336.0,338.0,64,E4,2.0,0,54,1.0,horn2
338.0,340.0,64,E4,2.0,0,54,3.0,horn2
340.0,342.0,64,E4,2.0,0,55,2.0,horn2
342.0,342.5,64,E4,0.5,0,56,1.0,horn2
342.5,343.0,64,E4,0.5,0,56,1.5,horn2
343.0,344.0,64,E4,1.0,0,56,2.0,horn2
344.0,345.0,66,F#4,1.0,0,56,3.0,horn2
345.0,345.5,64,E4,0.5,0,57,1.0,horn2
345.5,346.0,64,E4,0.5,0,57,1.5,horn2
346.0,347.0,64,E4,1.0,0,57,2.0,horn2
347.0,348.0,66,F#4,1.0,0,57,3.0,horn2
348.0,348.5,64,E4,0.5,0,58,1.0,horn2
348.5,349.0,64,E4,0.5,0,58,1.5,horn2
349.0,350.0,64,E4,1.0,0,58,2.0,horn2
350.0,351.0,66,F#4,1.0,0,58,3.0,horn2
351.0,352.0,64,E4,1.0,0,59,1.0,horn2
450.0,450.5,64,E4,0.5,0,92,1.0,horn2
450.5,451.0,64,E4,0.5,0,92,1.5,horn2
451.0,451.5,64,E4,0.5,0,92,2.0,horn2
451.5,452.0,64,E4,0.5,0,92,2.5,horn2
452.0,452.5,63,D#4,0.5,0,92,3.0,horn2
452.5,453.0,63,D#4,0.5,0,92,3.5,horn2
453.0,453.5,64,E4,0.5,0,93,1.0,horn2
453.5,454.0,64,E4,0.5,0,93,1.5,horn2
454.0,454.5,64,E4,0.5,0,93,2.0,horn2
454.5,455.0,64,E4,0.5,0,93,2.5,horn2
455.0,455.5,63,D#4,0.5,0,93,3.0,horn2
455.5,456.0,63,D#4,0.5,0,93,3.5,horn2
456.0,456.5,64,E4,0.5,0,94,1.0,horn2
456.5,457.0,64,E4,0.5,0,94,1.5,horn2
457.0,457.5,64,E4,0.5,0,94,2.0,horn2
457.5,458.0,64,E4,0.5,0,94,2.5,horn2
458.0,458.5,63,D#4,0.5,0,94,3.0,horn2
458.5,459.0,63,D#4,0.5,0,94,3.5,horn2
459.0,459.5,64,E4,0.5,0,95,1.0,horn2
459.5,460.0,64,E4,0.5,0,95,1.5,horn2
460.0,460.5,64,E4,0.5,0,95,2.0,horn2
460.5,461.0,64,E4,0.5,0,95,2.5,horn2
461.0,461.5,63,D#4,0.5,0,95,3.0,horn2
461.5,462.0,63,D#4,0.5,0,95,3.5,horn2
462.0,462.5,64,E4,0.5,0,96,1.0,horn2
462.5,463.0,64,E4,0.5,0,96,1.5,horn2
463.0,463.5,64,E4,0.5,0,96,2.0,horn2
463.5,464.0,64,E4,0.5,0,96,2.5,horn2
464.0,464.5,63,D#4,0.5,0,96,3.0,horn2
464.5,465.0,63,D#4,0.5,0,96,3.5,horn2
465.0,465.5,64,E4,0.5,0,97,1.0,horn2
465.5,466.0,64,E4,0.5,0,97,1.5,horn2
466.0,466.5,64,E4,0.5,0,97,2.0,horn2
466.5,467.0,64,E4,0.5,0,97,2.5,horn2
467.0,467.5,63,D#4,0.5,0,97,3.0,horn2
467.5,468.0,63,D#4,0.5,0,97,3.5,horn2
468.0,468.5,63,D#4,0.5,0,98,1.0,horn2
468.5,469.0,63,D#4,0.5,0,98,1.5,horn2
469.0,469.5,64,E4,0.5,0,98,2.0,horn2
469.5,470.0,64,E4,0.5,0,98,2.5,horn2
470.0,470.5,64,E4,0.5,0,98,3.0,horn2
470.5,471.0,64,E4,0.5,0,98,3.5,horn2
513.0,515.0,59,B3,2.0,0,113,1.0,horn2
515.0,516.0,59,B3,1.0,0,113,3.0,horn2
516.0,518.0,60,B#3,2.0,0,114,1.0,horn2
518.0,519.0,60,B#3,1.0,0,114,3.0,horn2
519.0,521.0,61,C#4,2.0,0,115,1.0,horn2
521.0,522.0,61,C#4,1.0,0,115,3.0,horn2
522.0,524.0,62,C##4,2.0,0,116,1.0,horn2
524.0,525.0,62,C##4,1.0,0,116,3.0,horn2
525.0,526.0,63,D#4,1.0,0,117,1.0,horn2
526.0,530.0,63,D#4,4.0,0,117,2.0,horn2
530.0,532.0,63,D#4,2.0,0,118,3.0,horn2
532.0,533.0,63,D#4,1.0,0,119,2.0,horn2
533.0,533.5,66,F#4,0.5,0,119,3.0,horn2
533.5,534.0,66,F#4,0.5,0,119,3.5,horn2
534.0,535.0,66,F#4,1.0,0,120,1.0,horn2
535.0,535.5,66,F#4,0.5,0,120,2.0,horn2
535.5,536.0,66,F#4,0.5,0,120,2.5,horn2
536.0,537.0,66,F#4,1.0,0,120,3.0,horn2
537.0,537.5,66,F#4,0.5,0,121,1.0,horn2
537.5,538.0,66,F#4,0.5,0,121,1.5,horn2
538.0,539.0,66,F#4,1.0,0,121,2.0,horn2
539.0,539.5,66,F#4,0.5,0,121,3.0,horn2
539.5,540.0,66,F#4,0.5,0,121,3.5,horn2
540.0,541.0,66,F#4,1.0,0,122,1.0,horn2
541.0,541.5,66,F#4,0.5,0,122,2.0,horn2
541.5,542.0,66,F#4,0.5,0,122,2.5,horn2
542.0,543.0,66,F#4,1.0,0,122,3.0,horn2
543.0,544.0,64,E4,1.0,0,123,1.0,horn2
544.0,546.0,52,E3,2.0,0,123,2.0,horn2
546.0,548.0,52,E3,2.0,0,124,1.0,horn2
548.0,550.0,52,E3,2.0,0,124,3.0,horn2
550.0,552.0,52,E3,2.0,0,125,2.0,horn2
552.0,554.0,52,E3,2.0,0,126,1.0,horn2
554.0,556.0,52,E3,2.0,0,126,3.0,horn2
556.0,558.0,52,E3,2.0,0,127,2.0,horn2
558.0,560.0,52,E3,2.0,0,128,1.0,horn2
560.0,562.0,52,E3,2.0,0,128,3.0,horn2
562.0,564.0,52,E3,2.0,0,129,2.0,horn2
564.0,565.0,64,E4,1.0,0,130,1.0,horn2
566.0,567.0,64,E4,1.0,0,130,3.0,horn2
567.0,568.0,64,E4,1.0,0,131,1.0,horn2
569.0,570.0,64,E4,1.0,0,131,3.0,horn2
570.0,571.0,64,E4,1.0,0,132,1.0,horn2
572.0,573.0,64,E4,1.0,0,132,3.0,horn2
573.0,574.0,64,E4,1.0,0,133,1.0,horn2
575.0,576.0,64,E4,1.0,0,133,3.0,horn2
576.0,577.0,64,E4,1.0,0,134,1.0,horn2
579.0,580.0,64,E4,1.0,0,135,1.0,horn2
582.0,583.0,64,E4,1.0,0,136,1.0,horn2
585.0,586.0,64,E4,1.0,0,137,1.0,horn2
588.0,589.0,64,E4,1.0,0,138,1.0,horn2
594.0,595.0,64,E4,1.0,0,140,1.0,horn2
894.0,895.5,55,G3,1.5,0,224,1.0,horn2
895.5,896.0,55,G3,0.5,0,224,2.5,horn2
896.0,896.5,55,G3,0.5,0,224,3.0,horn2
897.0,898.5,55,G3,1.5,0,225,1.0,horn2
898.5,899.0,55,G3,0.5,0,225,2.5,horn2
899.0,899.5,55,G3,0.5,0,225,3.0,horn2
900.0,905.0,55,G3,5.0,0,226,1.0,horn2
905.0,906.0,55,G3,1.0,0,227,3.0,horn2
906.0,907.5,55,G3,1.5,0,228,1.0,horn2
907.5,908.0,55,G3,0.5,0,228,2.5,horn2
908.0,908.5,55,G3,0.5,0,228,3.0,horn2
909.0,910.5,55,G3,1.5,0,229,1.0,horn2
910.5,911.0,55,G3,0.5,0,229,2.5,horn2
911.0,911.5,55,G3,0.5,0,229,3.0,horn2
912.0,917.0,55,G3,5.0,0,230,1.0,horn2
917.0,918.0,55,G3,1.0,0,231,3.0,horn2
918.0,919.5,55,G3,1.5,0,232,1.0,horn2
919.5,920.0,55,G3,0.5,0,232,2.5,horn2
920.0,921.0,55,G3,1.0,0,232,3.0,horn2
921.0,922.5,55,G3,1.5,0,233,1.0,horn2
922.5,923.0,55,G3,0.5,0,233,2.5,horn2
923.0,924.0,55,G3,1.0,0,233,3.0,horn2
924.0,929.0,55,G3,5.0,0,234,1.0,horn2
929.0,930.0,55,G3,1.0,0,235,3.0,horn2
930.0,931.5,55,G3,1.5,0,236,1.0,horn2
931.5,932.0,55,G3,0.5,0,236,2.5,horn2
932.0,933.0,55,G3,1.0,0,236,3.0,horn2
933.0,935.0,55,G3,2.0,0,237,1.0,horn2
935.0,936.0,55,G3,1.0,0,237,3.0,horn2
936.0,940.0,55,G3,4.0,0,238,1.0,horn2
1035.0,1036.5,55,G3,1.5,0,224,1.0,horn2
1036.5,1037.0,55,G3,0.5,0,224,2.5,horn2
1037.0,1037.5,55,G3,0.5,0,224,3.0,horn2
1038.0,1039.5,55,G3,1.5,0,225,1.0,horn2
1039.5,1040.0,55,G3,0.5,0,225,2.5,horn2
1040.0,1040.5,55,G3,0.5,0,225,3.0,horn2
1041.0,1046.0,55,G3,5.0,0,226,1.0,horn2
1046.0,1047.0,55,G3,1.0,0,227,3.0,horn2
1047.0,1048.5,55,G3,1.5,0,228,1.0,horn2
1048.5,1049.0,55,G3,0.5,0,228,2.5,horn2
1049.0,1049.5,55,G3,0.5,0,228,3.0,horn2
1050.0,1051.5,55,G3,1.5,0,229,1.0,horn2
1051.5,1052.0,55,G3,0.5,0,229,2.5,horn2
1052.0,1052.5,55,G3,0.5,0,229,3.0,horn2
1053.0,1058.0,55,G3,5.0,0,230,1.0,horn2
1058.0,1059.0,55,G3,1.0,0,231,3.0,horn2
1059.0,1060.5,55,G3,1.5,0,232,1.0,horn2
1060.5,1061.0,55,G3,0.5,0,232,2.5,horn2
1061.0,1062.0,55,G3,1.0,0,232,3.0,horn2
1062.0,1063.5,55,G3,1.5,0,233,1.0,horn2
1063.5,1064.0,55,G3,0.5,0,233,2.5,horn2
1064.0,1065.0,55,G3,1.0,0,233,3.0,horn2
1065.0,1070.0,55,G3,5.0,0,234,1.0,horn2
1070.0,1071.0,55,G3,1.0,0,235,3.0,horn2
1071.0,1072.5,55,G3,1.5,0,236,1.0,horn2
1072.5,1073.0,55,G3,0.5,0,236,2.5,horn2
1073.0,1074.0,55,G3,1.0,0,236,3.0,horn2
1074.0,1076.0,55,G3,2.0,0,237,1.0,horn2
1076.0,1077.0,55,G3,1.0,0,237,3.0,horn2
1077.0,1081.0,55,G3,4.0,0,238,1.0,horn2
1098.0,1101.0,59,B3,3.0,0,245,1.0,horn2
1101.0,1104.0,63,D#4,3.0,0,246,1.0,horn2
1104.0,1106.0,63,D#4,2.0,0,247,1.0,horn2
1106.0,1107.0,66,F#4,1.0,0,247,3.0,horn2
1107.0,1110.0,66,F#4,3.0,0,248,1.0,horn2
1146.0,1148.0,53,E#3,2.0,0,261,1.0,horn2
1148.0,1149.0,56,G#3,1.0,0,261,3.0,horn2
1149.0,1150.0,61,C#4,1.0,0,262,1.0,horn2
1150.0,1152.0,65,E#4,2.0,0,262,2.0,horn2
1152.0,1154.0,68,G#4,2.0,0,263,1.0,horn2
1154.0,1155.0,65,E#4,1.0,0,263,3.0,horn2
1155.0,1156.0,63,D#4,1.0,0,264,1.0,horn2
1156.0,1158.0,61,C#4,2.0,0,264,2.0,horn2
1170.0,1172.0,54,F#3,2.0,0,269,1.0,horn2
1172.0,1173.0,57,A3,1.0,0,269,3.0,horn2
1173.0,1174.0,61,C#4,1.0,0,270,1.0,horn2
1174.0,1176.0,66,F#4,2.0,0,270,2.0,horn2
1182.0,1184.0,54,F#3,2.0,0,273,1.0,horn2
1184.0,1185.0,57,A3,1.0,0,273,3.0,horn2
1185.0,1186.0,61,C#4,1.0,0,274,1.0,horn2
1186.0,1188.0,66,F#4,2.0,0,274,2.0,horn2
1188.0,1190.0,69,A4,2.0,0,275,1.0,horn2
1190.0,1191.0,66,F#4,1.0,0,275,3.0,horn2
1191.0,1192.0,61,C#4,1.0,0,276,1.0,horn2
1192.0,1194.0,57,A3,2.0,0,276,2.0,horn2
1194.0,1200.0,63,D#4,6.0,0,277,1.0,horn2
1200.0,1206.0,63,D#4,6.0,0,279,1.0,horn2
1206.0,1218.0,64,E4,12.0,0,281,1.0,horn2
1218.0,1231.0,56,G#3,13.0,0,285,1.0,horn2
1263.0,1264.0,64,E4,1.0,0,300,1.0,horn2
