onset,Unnamed: 0,offset,midi_number,pitch_name,duration,staff,measure,beat_in_measure,instrument
144.0,0,145.0,64,G---4,1.0,0,49,1.0,trumpet1
146.0,1,147.0,64,G---4,1.0,0,49,3.0,trumpet1
148.0,2,148.5,64,G---4,0.5,0,50,2.0,trumpet1
148.5,3,149.0,64,G---4,0.5,0,50,2.5,trumpet1
149.0,4,150.0,64,G---4,1.0,0,50,3.0,trumpet1
150.0,5,151.0,64,G---4,1.0,0,51,1.0,trumpet1
152.0,6,153.0,64,G---4,1.0,0,51,3.0,trumpet1
154.0,7,154.5,64,G---4,0.5,0,52,2.0,trumpet1
154.5,8,155.0,64,G---4,0.5,0,52,2.5,trumpet1
155.0,9,156.0,64,G---4,1.0,0,52,3.0,trumpet1
156.0,10,157.0,64,G---4,1.0,0,53,1.0,trumpet1
158.0,11,159.0,64,G---4,1.0,0,53,3.0,trumpet1
160.0,12,160.5,64,G---4,0.5,0,54,2.0,trumpet1
160.5,13,161.0,64,G---4,0.5,0,54,2.5,trumpet1
161.0,14,162.0,64,G---4,1.0,0,54,3.0,trumpet1
162.0,15,163.0,64,G---4,1.0,0,55,1.0,trumpet1
164.0,16,165.0,64,G---4,1.0,0,55,3.0,trumpet1
165.0,17,165.5,64,G---4,0.5,0,56,1.0,trumpet1
165.5,18,166.0,64,G---4,0.5,0,56,1.5,trumpet1
166.0,19,167.0,64,G---4,1.0,0,56,2.0,trumpet1
167.0,20,168.0,64,G---4,1.0,0,56,3.0,trumpet1
168.0,21,168.5,64,G---4,0.5,0,57,1.0,trumpet1
168.5,22,169.0,64,G---4,0.5,0,57,1.5,trumpet1
169.0,23,170.0,64,G---4,1.0,0,57,2.0,trumpet1
170.0,24,171.0,64,G---4,1.0,0,57,3.0,trumpet1
171.0,25,171.5,64,G---4,0.5,0,58,1.0,trumpet1
171.5,26,172.0,64,G---4,0.5,0,58,1.5,trumpet1
172.0,27,173.0,64,G---4,1.0,0,58,2.0,trumpet1
173.0,28,174.0,64,G---4,1.0,0,58,3.0,trumpet1
174.0,29,175.0,64,G---4,1.0,0,59,1.0,trumpet1
321.0,30,322.0,64,G---4,1.0,0,108,1.0,trumpet1
323.0,31,324.0,64,G---4,1.0,0,108,3.0,trumpet1
325.0,32,325.5,64,G---4,0.5,0,109,2.0,trumpet1
325.5,33,326.0,64,G---4,0.5,0,109,2.5,trumpet1
326.0,34,327.0,64,G---4,1.0,0,109,3.0,trumpet1
327.0,35,328.0,64,G---4,1.0,0,110,1.0,trumpet1
329.0,36,330.0,64,G---4,1.0,0,110,3.0,trumpet1
331.0,37,331.5,64,G---4,0.5,0,111,2.0,trumpet1
331.5,38,332.0,64,G---4,0.5,0,111,2.5,trumpet1
332.0,39,333.0,64,G---4,1.0,0,111,3.0,trumpet1
333.0,40,334.0,64,G---4,1.0,0,112,1.0,trumpet1
335.0,41,336.0,64,G---4,1.0,0,112,3.0,trumpet1
337.0,42,337.5,64,G---4,0.5,0,113,2.0,trumpet1
337.5,43,338.0,64,G---4,0.5,0,113,2.5,trumpet1
338.0,44,339.0,64,G---4,1.0,0,113,3.0,trumpet1
339.0,45,340.0,64,G---4,1.0,0,114,1.0,trumpet1
341.0,46,342.0,64,G---4,1.0,0,114,3.0,trumpet1
342.0,47,342.5,64,G---4,0.5,0,115,1.0,trumpet1
342.5,48,343.0,64,G---4,0.5,0,115,1.5,trumpet1
343.0,49,344.0,64,G---4,1.0,0,115,2.0,trumpet1
344.0,50,345.0,64,G---4,1.0,0,115,3.0,trumpet1
345.0,51,345.5,64,G---4,0.5,0,116,1.0,trumpet1
345.5,52,346.0,64,G---4,0.5,0,116,1.5,trumpet1
346.0,53,347.0,64,G---4,1.0,0,116,2.0,trumpet1
347.0,54,348.0,64,G---4,1.0,0,116,3.0,trumpet1
348.0,55,348.5,64,G---4,0.5,0,117,1.0,trumpet1
348.5,56,349.0,64,G---4,0.5,0,117,1.5,trumpet1
349.0,57,350.0,64,G---4,1.0,0,117,2.0,trumpet1
350.0,58,351.0,64,G---4,1.0,0,117,3.0,trumpet1
351.0,59,352.0,64,G---4,1.0,0,118,1.0,trumpet1
451.0,60,452.0,59,D---4,1.0,0,151,2.0,trumpet1
454.0,61,455.0,59,D---4,1.0,0,152,2.0,trumpet1
457.0,62,458.0,59,D---4,1.0,0,153,2.0,trumpet1
460.0,63,461.0,59,D---4,1.0,0,154,2.0,trumpet1
463.0,64,464.0,59,D---4,1.0,0,155,2.0,trumpet1
466.0,65,467.0,59,D---4,1.0,0,156,2.0,trumpet1
469.0,66,470.0,59,D---4,1.0,0,157,2.0,trumpet1
532.0,67,538.0,66,A---4,6.0,0,178,2.0,trumpet1
543.0,68,546.0,64,G---4,3.0,0,182,1.0,trumpet1
547.0,69,547.5,64,G---4,0.5,0,183,2.0,trumpet1
547.5,70,548.0,64,G---4,0.5,0,183,2.5,trumpet1
548.0,71,549.0,64,G---4,1.0,0,183,3.0,trumpet1
549.0,72,550.0,64,G---4,1.0,0,184,1.0,trumpet1
550.0,73,551.0,64,G---4,1.0,0,184,2.0,trumpet1
553.0,74,554.0,64,G---4,1.0,0,185,2.0,trumpet1
554.0,75,555.0,64,G---4,1.0,0,185,3.0,trumpet1
555.0,76,555.5,64,G---4,0.5,0,186,1.0,trumpet1
555.5,77,556.0,64,G---4,0.5,0,186,1.5,trumpet1
556.0,78,557.0,64,G---4,1.0,0,186,2.0,trumpet1
559.0,79,559.5,64,G---4,0.5,0,187,2.0,trumpet1
559.5,80,560.0,64,G---4,0.5,0,187,2.5,trumpet1
560.0,81,561.0,64,G---4,1.0,0,187,3.0,trumpet1
561.0,82,562.0,64,G---4,1.0,0,188,1.0,trumpet1
562.0,83,563.0,64,G---4,1.0,0,188,2.0,trumpet1
564.0,84,565.0,64,G---4,1.0,0,189,1.0,trumpet1
565.0,85,565.5,64,G---4,0.5,0,189,2.0,trumpet1
565.5,86,566.0,64,G---4,0.5,0,189,2.5,trumpet1
566.0,87,567.0,64,G---4,1.0,0,189,3.0,trumpet1
567.0,88,568.0,64,G---4,1.0,0,190,1.0,trumpet1
568.0,89,568.5,64,G---4,0.5,0,190,2.0,trumpet1
568.5,90,569.0,64,G---4,0.5,0,190,2.5,trumpet1
569.0,91,570.0,64,G---4,1.0,0,190,3.0,trumpet1
570.0,92,571.0,64,G---4,1.0,0,191,1.0,trumpet1
571.0,93,571.5,64,G---4,0.5,0,191,2.0,trumpet1
571.5,94,572.0,64,G---4,0.5,0,191,2.5,trumpet1
572.0,95,573.0,64,G---4,1.0,0,191,3.0,trumpet1
573.0,96,574.0,64,G---4,1.0,0,192,1.0,trumpet1
574.0,97,574.5,64,G---4,0.5,0,192,2.0,trumpet1
574.5,98,575.0,64,G---4,0.5,0,192,2.5,trumpet1
575.0,99,576.0,64,G---4,1.0,0,192,3.0,trumpet1
576.0,100,577.0,64,G---4,1.0,0,193,1.0,trumpet1
579.0,101,580.0,64,G---4,1.0,0,194,1.0,trumpet1
582.0,102,583.0,64,G---4,1.0,0,195,1.0,trumpet1
585.0,103,586.0,64,G---4,1.0,0,196,1.0,trumpet1
588.0,104,589.0,64,G---4,1.0,0,197,1.0,trumpet1
594.0,105,595.0,64,G---4,1.0,0,199,1.0,trumpet1
891.0,106,892.5,64,F-4,1.5,0,298,1.0,trumpet1
892.5,107,893.0,64,F-4,0.5,0,298,2.5,trumpet1
893.0,108,893.5,64,F-4,0.5,0,298,3.0,trumpet1
894.0,109,895.5,64,F-4,1.5,0,299,1.0,trumpet1
895.5,110,896.0,64,F-4,0.5,0,299,2.5,trumpet1
896.0,111,896.5,64,F-4,0.5,0,299,3.0,trumpet1
897.0,112,901.5,64,F-4,4.5,0,300,1.0,trumpet1
901.5,113,902.0,64,F-4,0.5,0,301,2.5,trumpet1
902.0,114,902.5,64,F-4,0.5,0,301,3.0,trumpet1
903.0,115,904.5,64,F-4,1.5,0,302,1.0,trumpet1
904.5,116,905.0,64,F-4,0.5,0,302,2.5,trumpet1
905.0,117,905.5,64,F-4,0.5,0,302,3.0,trumpet1
906.0,118,907.5,59,C-4,1.5,0,303,1.0,trumpet1
907.5,119,908.0,59,C-4,0.5,0,303,2.5,trumpet1
908.0,120,908.5,59,C-4,0.5,0,303,3.0,trumpet1
909.0,121,910.5,64,F-4,1.5,0,304,1.0,trumpet1
910.5,122,911.0,64,F-4,0.5,0,304,2.5,trumpet1
911.0,123,912.0,64,F-4,1.0,0,304,3.0,trumpet1
912.0,124,913.5,64,F-4,1.5,0,305,1.0,trumpet1
913.5,125,914.0,64,F-4,0.5,0,305,2.5,trumpet1
914.0,126,915.0,64,F-4,1.0,0,305,3.0,trumpet1
915.0,127,916.5,64,F-4,1.5,0,306,1.0,trumpet1
916.5,128,917.0,64,F-4,0.5,0,306,2.5,trumpet1
917.0,129,918.0,64,F-4,1.0,0,306,3.0,trumpet1
918.0,130,919.5,64,F-4,1.5,0,307,1.0,trumpet1
919.5,131,920.0,64,F-4,0.5,0,307,2.5,trumpet1
920.0,132,921.0,64,F-4,1.0,0,307,3.0,trumpet1
921.0,133,922.5,64,F-4,1.5,0,308,1.0,trumpet1
922.5,134,923.0,64,F-4,0.5,0,308,2.5,trumpet1
923.0,135,924.0,64,F-4,1.0,0,308,3.0,trumpet1
924.0,136,925.5,64,F-4,1.5,0,309,1.0,trumpet1
925.5,137,926.0,64,F-4,0.5,0,309,2.5,trumpet1
926.0,138,927.0,64,F-4,1.0,0,309,3.0,trumpet1
927.0,139,928.5,59,C-4,1.5,0,310,1.0,trumpet1
928.5,140,929.0,59,C-4,0.5,0,310,2.5,trumpet1
929.0,141,930.0,59,C-4,1.0,0,310,3.0,trumpet1
930.0,142,932.0,71,C-5,2.0,0,311,1.0,trumpet1
932.0,143,933.0,68,A-4,1.0,0,311,3.0,trumpet1
933.0,144,937.0,68,A-4,4.0,0,312,1.0,trumpet1
1032.0,145,1033.5,64,F-4,1.5,0,345,1.0,trumpet1
1033.5,146,1034.0,64,F-4,0.5,0,345,2.5,trumpet1
1034.0,147,1034.5,64,F-4,0.5,0,345,3.0,trumpet1
1035.0,148,1036.5,64,F-4,1.5,0,346,1.0,trumpet1
1036.5,149,1037.0,64,F-4,0.5,0,346,2.5,trumpet1
1037.0,150,1037.5,64,F-4,0.5,0,346,3.0,trumpet1
1038.0,151,1042.5,64,F-4,4.5,0,347,1.0,trumpet1
1042.5,152,1043.0,64,F-4,0.5,0,348,2.5,trumpet1
1043.0,153,1043.5,64,F-4,0.5,0,348,3.0,trumpet1
1044.0,154,1045.5,64,F-4,1.5,0,349,1.0,trumpet1
1045.5,155,1046.0,64,F-4,0.5,0,349,2.5,trumpet1
1046.0,156,1046.5,64,F-4,0.5,0,349,3.0,trumpet1
1047.0,157,1048.5,59,C-4,1.5,0,350,1.0,trumpet1
1048.5,158,1049.0,59,C-4,0.5,0,350,2.5,trumpet1
1049.0,159,1049.5,59,C-4,0.5,0,350,3.0,trumpet1
1050.0,160,1051.5,64,F-4,1.5,0,351,1.0,trumpet1
1051.5,161,1052.0,64,F-4,0.5,0,351,2.5,trumpet1
1052.0,162,1053.0,64,F-4,1.0,0,351,3.0,trumpet1
1053.0,163,1054.5,64,F-4,1.5,0,352,1.0,trumpet1
1054.5,164,1055.0,64,F-4,0.5,0,352,2.5,trumpet1
1055.0,165,1056.0,64,F-4,1.0,0,352,3.0,trumpet1
1056.0,166,1057.5,64,F-4,1.5,0,353,1.0,trumpet1
1057.5,167,1058.0,64,F-4,0.5,0,353,2.5,trumpet1
1058.0,168,1059.0,64,F-4,1.0,0,353,3.0,trumpet1
1059.0,169,1060.5,64,F-4,1.5,0,354,1.0,trumpet1
1060.5,170,1061.0,64,F-4,0.5,0,354,2.5,trumpet1
1061.0,171,1062.0,64,F-4,1.0,0,354,3.0,trumpet1
1062.0,172,1063.5,64,F-4,1.5,0,355,1.0,trumpet1
1063.5,173,1064.0,64,F-4,0.5,0,355,2.5,trumpet1
1064.0,174,1065.0,64,F-4,1.0,0,355,3.0,trumpet1
1065.0,175,1066.5,64,F-4,1.5,0,356,1.0,trumpet1
1066.5,176,1067.0,64,F-4,0.5,0,356,2.5,trumpet1
1067.0,177,1068.0,64,F-4,1.0,0,356,3.0,trumpet1
1068.0,178,1069.5,59,C-4,1.5,0,357,1.0,trumpet1
1069.5,179,1070.0,59,C-4,0.5,0,357,2.5,trumpet1
1070.0,180,1071.0,59,C-4,1.0,0,357,3.0,trumpet1
1071.0,181,1073.0,71,C-5,2.0,0,358,1.0,trumpet1
1073.0,182,1074.0,68,A-4,1.0,0,358,3.0,trumpet1
1074.0,183,1078.0,68,A-4,4.0,0,359,1.0,trumpet1
1251.0,184,1252.0,64,G---4,1.0,0,418,1.0,trumpet1
1253.0,185,1254.0,64,G---4,1.0,0,418,3.0,trumpet1
1255.0,186,1255.5,64,G---4,0.5,0,419,2.0,trumpet1
1255.5,187,1256.0,64,G---4,0.5,0,419,2.5,trumpet1
1256.0,188,1257.0,64,G---4,1.0,0,419,3.0,trumpet1
1257.0,189,1258.0,64,G---4,1.0,0,420,1.0,trumpet1
1259.0,190,1260.0,64,G---4,1.0,0,420,3.0,trumpet1
1261.0,191,1261.5,64,G---4,0.5,0,421,2.0,trumpet1
1261.5,192,1262.0,64,G---4,0.5,0,421,2.5,trumpet1
1262.0,193,1263.0,64,G---4,1.0,0,421,3.0,trumpet1
1263.0,194,1264.0,64,G---4,1.0,0,422,1.0,trumpet1
1265.0,195,1266.0,64,G---4,1.0,0,422,3.0,trumpet1
1267.0,196,1267.5,64,G---4,0.5,0,423,2.0,trumpet1
1267.5,197,1268.0,64,G---4,0.5,0,423,2.5,trumpet1
1268.0,198,1269.0,64,G---4,1.0,0,423,3.0,trumpet1
1269.0,199,1270.0,64,G---4,1.0,0,424,1.0,trumpet1
1271.0,200,1272.0,64,G---4,1.0,0,424,3.0,trumpet1
1272.0,201,1272.5,64,G---4,0.5,0,425,1.0,trumpet1
1272.5,202,1273.0,64,G---4,0.5,0,425,1.5,trumpet1
1273.0,203,1274.0,64,G---4,1.0,0,425,2.0,trumpet1
1274.0,204,1275.0,64,G---4,1.0,0,425,3.0,trumpet1
1275.0,205,1275.5,64,G---4,0.5,0,426,1.0,trumpet1
1275.5,206,1276.0,64,G---4,0.5,0,426,1.5,trumpet1
1276.0,207,1277.0,64,G---4,1.0,0,426,2.0,trumpet1
1277.0,208,1278.0,64,G---4,1.0,0,426,3.0,trumpet1
1278.0,209,1278.5,64,G---4,0.5,0,427,1.0,trumpet1
1278.5,210,1279.0,64,G---4,0.5,0,427,1.5,trumpet1
1279.0,211,1280.0,64,G---4,1.0,0,427,2.0,trumpet1
1280.0,212,1281.0,64,G---4,1.0,0,427,3.0,trumpet1
1281.0,213,1282.0,64,G---4,1.0,0,428,1.0,trumpet1
1381.0,214,1382.0,59,D---4,1.0,0,461,2.0,trumpet1
1384.0,215,1385.0,59,D---4,1.0,0,462,2.0,trumpet1
1387.0,216,1388.0,59,D---4,1.0,0,463,2.0,trumpet1
1390.0,217,1391.0,59,D---4,1.0,0,464,2.0,trumpet1
1393.0,218,1394.0,59,D---4,1.0,0,465,2.0,trumpet1
1396.0,219,1397.0,59,D---4,1.0,0,466,2.0,trumpet1
1399.0,220,1400.0,59,D---4,1.0,0,467,2.0,trumpet1
1462.0,221,1468.0,66,A---4,6.0,0,488,2.0,trumpet1
1473.0,222,1476.0,64,G---4,3.0,0,492,1.0,trumpet1
1477.0,223,1477.5,64,G---4,0.5,0,493,2.0,trumpet1
1477.5,224,1478.0,64,G---4,0.5,0,493,2.5,trumpet1
1478.0,225,1479.0,64,G---4,1.0,0,493,3.0,trumpet1
1479.0,226,1480.0,64,G---4,1.0,0,494,1.0,trumpet1
1480.0,227,1481.0,64,G---4,1.0,0,494,2.0,trumpet1
1483.0,228,1484.0,64,G---4,1.0,0,495,2.0,trumpet1
1484.0,229,1485.0,64,G---4,1.0,0,495,3.0,trumpet1
1485.0,230,1485.5,64,G---4,0.5,0,496,1.0,trumpet1
1485.5,231,1486.0,64,G---4,0.5,0,496,1.5,trumpet1
1486.0,232,1487.0,64,G---4,1.0,0,496,2.0,trumpet1
1489.0,233,1489.5,64,G---4,0.5,0,497,2.0,trumpet1
1489.5,234,1490.0,64,G---4,0.5,0,497,2.5,trumpet1
1490.0,235,1491.0,64,G---4,1.0,0,497,3.0,trumpet1
1491.0,236,1492.0,64,G---4,1.0,0,498,1.0,trumpet1
1492.0,237,1493.0,64,G---4,1.0,0,498,2.0,trumpet1
1494.0,238,1495.0,64,G---4,1.0,0,499,1.0,trumpet1
1495.0,239,1495.5,64,G---4,0.5,0,499,2.0,trumpet1
1495.5,240,1496.0,64,G---4,0.5,0,499,2.5,trumpet1
1496.0,241,1497.0,64,G---4,1.0,0,499,3.0,trumpet1
1497.0,242,1498.0,64,G---4,1.0,0,500,1.0,trumpet1
1498.0,243,1498.5,64,G---4,0.5,0,500,2.0,trumpet1
1498.5,244,1499.0,64,G---4,0.5,0,500,2.5,trumpet1
1499.0,245,1500.0,64,G---4,1.0,0,500,3.0,trumpet1
1500.0,246,1501.0,64,G---4,1.0,0,501,1.0,trumpet1
1501.0,247,1501.5,64,G---4,0.5,0,501,2.0,trumpet1
1501.5,248,1502.0,64,G---4,0.5,0,501,2.5,trumpet1
1502.0,249,1503.0,64,G---4,1.0,0,501,3.0,trumpet1
1503.0,250,1504.0,64,G---4,1.0,0,502,1.0,trumpet1
1504.0,251,1504.5,64,G---4,0.5,0,502,2.0,trumpet1
1504.5,252,1505.0,64,G---4,0.5,0,502,2.5,trumpet1
1505.0,253,1506.0,64,G---4,1.0,0,502,3.0,trumpet1
1506.0,254,1507.0,64,G---4,1.0,0,503,1.0,trumpet1
1509.0,255,1510.0,64,G---4,1.0,0,504,1.0,trumpet1
1512.0,256,1513.0,64,G---4,1.0,0,505,1.0,trumpet1
1515.0,257,1516.0,64,G---4,1.0,0,506,1.0,trumpet1
1518.0,258,1519.0,64,G---4,1.0,0,507,1.0,trumpet1
1524.0,259,1525.0,64,G---4,1.0,0,509,1.0,trumpet1
1683.0,260,1684.0,64,F-4,1.0,0,562,1.0,trumpet1
