onset,offset,midi_number,pitch_name,duration,staff,measure,beat_in_measure,instrument
951.0,952.0,66,F#4,1.0,0,269,1.0,altosolo
952.0,953.0,66,F#4,1.0,0,269,2.0,altosolo
953.0,954.0,67,G4,1.0,0,269,3.0,altosolo
954.0,955.0,69,A4,1.0,0,269,4.0,altosolo
955.0,956.0,69,A4,1.0,0,270,1.0,altosolo
956.0,957.0,67,G4,1.0,0,270,2.0,altosolo
957.0,958.0,66,F#4,1.0,0,270,3.0,altosolo
958.0,959.0,64,E4,1.0,0,270,4.0,altosolo
959.0,960.0,62,D4,1.0,0,271,1.0,altosolo
960.0,961.0,62,D4,1.0,0,271,2.0,altosolo
961.0,962.0,64,E4,1.0,0,271,3.0,altosolo
962.0,963.0,66,F#4,1.0,0,271,4.0,altosolo
963.0,964.5,66,F#4,1.5,0,272,1.0,altosolo
964.5,965.0,64,E4,0.5,0,272,2.5,altosolo
965.0,967.0,64,E4,2.0,0,272,3.0,altosolo
967.0,968.0,66,F#4,1.0,0,273,1.0,altosolo
968.0,969.0,66,F#4,1.0,0,273,2.0,altosolo
969.0,970.0,67,G4,1.0,0,273,3.0,altosolo
970.0,971.0,69,A4,1.0,0,273,4.0,altosolo
971.0,972.0,69,A4,1.0,0,274,1.0,altosolo
972.0,973.0,67,G4,1.0,0,274,2.0,altosolo
973.0,974.0,66,F#4,1.0,0,274,3.0,altosolo
974.0,975.0,64,E4,1.0,0,274,4.0,altosolo
975.0,976.0,62,D4,1.0,0,275,1.0,altosolo
976.0,977.0,66,F#4,1.0,0,275,2.0,altosolo
977.0,978.0,67,G4,1.0,0,275,3.0,altosolo
978.0,979.0,69,A4,1.0,0,275,4.0,altosolo
979.0,980.5,67,G4,1.5,0,276,1.0,altosolo
980.5,981.0,66,F#4,0.5,0,276,2.5,altosolo
981.0,981.5,66,F#4,0.5,0,276,3.0,altosolo
981.5,982.0,69,A4,0.5,0,276,3.5,altosolo
982.0,982.5,67,G4,0.5,0,276,4.0,altosolo
982.5,983.0,66,F#4,0.5,0,276,4.5,altosolo
983.0,984.0,64,E4,1.0,0,277,1.0,altosolo
984.0,985.0,69,A4,1.0,0,277,2.0,altosolo
985.0,986.0,69,A4,1.0,0,277,3.0,altosolo
986.0,986.5,66,F#4,0.5,0,277,4.0,altosolo
986.5,987.0,69,A4,0.5,0,277,4.5,altosolo
987.0,988.0,69,A4,1.0,0,278,1.0,altosolo
988.0,989.0,69,A4,1.0,0,278,2.0,altosolo
989.0,990.0,69,A4,1.0,0,278,3.0,altosolo
990.0,990.5,67,G4,0.5,0,278,4.0,altosolo
990.5,991.0,66,F#4,0.5,0,278,4.5,altosolo
991.0,991.5,64,E4,0.5,0,279,1.0,altosolo
991.5,992.0,73,C#5,0.5,0,279,1.5,altosolo
992.0,992.5,74,D5,0.5,0,279,2.0,altosolo
992.5,993.0,76,E5,0.5,0,279,2.5,altosolo
993.0,994.0,73,C#5,1.0,0,279,3.0,altosolo
994.0,995.0,73,C#5,1.0,0,279,4.0,altosolo
995.0,996.0,71,B4,1.0,0,280,1.0,altosolo
996.0,997.0,68,G#4,1.0,0,280,2.0,altosolo
997.0,998.0,69,A4,1.0,0,280,3.0,altosolo
998.0,1000.0,69,A4,2.0,0,280,4.0,altosolo
1000.0,1001.0,69,A4,1.0,0,281,2.0,altosolo
1001.0,1002.0,69,A4,1.0,0,281,3.0,altosolo
1002.0,1003.0,69,A4,1.0,0,281,4.0,altosolo
1003.0,1004.0,69,A4,1.0,0,282,1.0,altosolo
1004.0,1005.0,69,A4,1.0,0,282,2.0,altosolo
1005.0,1006.0,69,A4,1.0,0,282,3.0,altosolo
1006.0,1007.0,69,A4,1.0,0,282,4.0,altosolo
1007.0,1008.0,69,A4,1.0,0,283,1.0,altosolo
1008.0,1009.0,66,F#4,1.0,0,283,2.0,altosolo
1009.0,1010.0,67,G4,1.0,0,283,3.0,altosolo
1010.0,1011.0,69,A4,1.0,0,283,4.0,altosolo
1011.0,1012.5,67,G4,1.5,0,284,1.0,altosolo
1012.5,1013.0,66,F#4,0.5,0,284,2.5,altosolo
1013.0,1015.0,66,F#4,2.0,0,284,3.0,altosolo
1077.0,1077.5,67,G4,0.5,0,300,3.0,altosolo
1077.5,1078.0,66,F#4,0.5,0,300,3.5,altosolo
1078.0,1078.5,69,A4,0.5,0,300,4.0,altosolo
1078.5,1079.0,67,G4,0.5,0,300,4.5,altosolo
1079.0,1079.5,66,F#4,0.5,0,301,1.0,altosolo
1079.5,1080.0,67,G4,0.5,0,301,1.5,altosolo
1080.0,1080.5,68,G#4,0.5,0,301,2.0,altosolo
1080.5,1081.0,69,A4,0.5,0,301,2.5,altosolo
1081.0,1081.5,68,G#4,0.5,0,301,3.0,altosolo
1081.5,1082.0,69,A4,0.5,0,301,3.5,altosolo
1082.0,1082.5,71,B4,0.5,0,301,4.0,altosolo
1082.5,1083.0,69,A4,0.5,0,301,4.5,altosolo
1083.0,1083.5,69,A4,0.5,0,302,1.0,altosolo
1083.5,1084.0,67,G4,0.5,0,302,1.5,altosolo
1084.0,1084.5,71,B4,0.5,0,302,2.0,altosolo
1084.5,1085.0,67,G4,0.5,0,302,2.5,altosolo
1085.0,1085.5,66,F#4,0.5,0,302,3.0,altosolo
1085.5,1086.0,64,E4,0.5,0,302,3.5,altosolo
1086.0,1086.5,67,G4,0.5,0,302,4.0,altosolo
1086.5,1087.0,64,E4,0.5,0,302,4.5,altosolo
1087.0,1087.5,62,D4,0.5,0,303,1.0,altosolo
1087.5,1088.0,64,E4,0.5,0,303,1.5,altosolo
1088.0,1088.5,66,F#4,0.5,0,303,2.0,altosolo
1088.5,1089.0,67,G4,0.5,0,303,2.5,altosolo
1089.0,1089.5,69,A4,0.5,0,303,3.0,altosolo
1089.5,1090.0,71,B4,0.5,0,303,3.5,altosolo
1090.0,1090.5,73,C#5,0.5,0,303,4.0,altosolo
1090.5,1091.0,74,D5,0.5,0,303,4.5,altosolo
1091.0,1091.5,74,D5,0.5,0,304,1.0,altosolo
1091.5,1092.0,73,C#5,0.5,0,304,1.5,altosolo
1092.0,1092.5,71,B4,0.5,0,304,2.0,altosolo
1092.5,1093.0,73,C#5,0.5,0,304,2.5,altosolo
1093.0,1093.5,74,D5,0.5,0,304,3.0,altosolo
1093.5,1094.0,69,A4,0.5,0,304,3.5,altosolo
1094.0,1094.5,67,G4,0.5,0,304,4.0,altosolo
1094.5,1095.0,66,F#4,0.5,0,304,4.5,altosolo
1095.0,1096.0,64,E4,1.0,0,305,1.0,altosolo
1096.0,1097.0,69,A4,1.0,0,305,2.0,altosolo
1097.0,1098.0,69,A4,1.0,0,305,3.0,altosolo
1098.0,1099.0,69,A4,1.0,0,305,4.0,altosolo
1099.0,1100.0,69,A4,1.0,0,306,1.0,altosolo
1100.0,1101.0,69,A4,1.0,0,306,2.0,altosolo
1101.0,1102.0,69,A4,1.0,0,306,3.0,altosolo
1102.0,1102.5,73,C#5,0.5,0,306,4.0,altosolo
1102.5,1103.0,74,D5,0.5,0,306,4.5,altosolo
1103.0,1103.5,74,D5,0.5,0,307,1.0,altosolo
1103.5,1104.0,73,C#5,0.5,0,307,1.5,altosolo
1104.0,1104.5,71,B4,0.5,0,307,2.0,altosolo
1104.5,1105.0,73,C#5,0.5,0,307,2.5,altosolo
1105.0,1105.5,76,E5,0.5,0,307,3.0,altosolo
1105.5,1106.0,74,D5,0.5,0,307,3.5,altosolo
1106.0,1106.5,74,D5,0.5,0,307,4.0,altosolo
1106.5,1107.0,73,C#5,0.5,0,307,4.5,altosolo
1107.0,1107.5,73,C#5,0.5,0,308,1.0,altosolo
1107.5,1108.0,74,D5,0.5,0,308,1.5,altosolo
1108.0,1109.0,71,B4,1.0,0,308,2.0,altosolo
1109.0,1110.0,69,A4,1.0,0,308,3.0,altosolo
1110.0,1112.0,69,A4,2.0,0,308,4.0,altosolo
1112.0,1113.0,69,A4,1.0,0,309,2.0,altosolo
1113.0,1114.0,62,D4,1.0,0,309,3.0,altosolo
1114.0,1115.0,62,D4,1.0,0,309,4.0,altosolo
1115.0,1116.0,62,D4,1.0,0,310,1.0,altosolo
1116.0,1117.0,67,G4,1.0,0,310,2.0,altosolo
1117.0,1117.5,67,G4,0.5,0,310,3.0,altosolo
1117.5,1118.0,76,E5,0.5,0,310,3.5,altosolo
1118.0,1118.5,76,E5,0.5,0,310,4.0,altosolo
1118.5,1119.0,67,G4,0.5,0,310,4.5,altosolo
1119.0,1119.5,67,G4,0.5,0,311,1.0,altosolo
1119.5,1120.0,69,A4,0.5,0,311,1.5,altosolo
1120.0,1121.0,69,A4,1.0,0,311,2.0,altosolo
1121.0,1121.5,66,F#4,0.5,0,311,3.0,altosolo
1121.5,1122.5,67,G4,1.0,0,311,3.5,altosolo
1122.5,1123.0,69,A4,0.5,0,311,4.5,altosolo
1123.0,1123.5,74,D5,0.5,0,312,1.0,altosolo
1123.5,1124.5,73,C#5,1.0,0,312,1.5,altosolo
1124.5,1125.0,74,D5,0.5,0,312,2.5,altosolo
1125.0,1127.0,74,D5,2.0,0,312,3.0,altosolo
3028.0,3030.5,66,F#4,2.5,0,769,1.0,altosolo
3030.5,3031.0,67,G4,0.5,0,769,2.25,altosolo
3031.0,3031.5,69,A4,0.5,0,769,2.5,altosolo
3031.5,3032.0,66,F#4,0.5,0,769,2.75,altosolo
3032.0,3033.0,67,G4,1.0,0,770,1.0,altosolo
3033.0,3034.0,67,G4,1.0,0,770,1.5,altosolo
3034.0,3035.0,67,G4,1.0,0,770,2.0,altosolo
3035.0,3036.0,67,G4,1.0,0,770,2.5,altosolo
3036.0,3037.5,67,G4,1.5,0,771,1.0,altosolo
3037.5,3038.0,66,F#4,0.5,0,771,1.75,altosolo
3038.0,3040.0,66,F#4,2.0,0,771,2.0,altosolo
3060.0,3062.5,69,A4,2.5,0,777,1.0,altosolo
3062.5,3063.0,71,B4,0.5,0,777,2.25,altosolo
3063.0,3063.5,73,C#5,0.5,0,777,2.5,altosolo
3063.5,3064.0,69,A4,0.5,0,777,2.75,altosolo
3064.0,3065.0,71,B4,1.0,0,778,1.0,altosolo
3065.0,3066.0,71,B4,1.0,0,778,1.5,altosolo
3066.0,3067.0,71,B4,1.0,0,778,2.0,altosolo
3067.0,3068.0,71,B4,1.0,0,778,2.5,altosolo
3068.0,3069.5,71,B4,1.5,0,779,1.0,altosolo
3069.5,3070.0,69,A4,0.5,0,779,1.75,altosolo
3070.0,3072.0,69,A4,2.0,0,779,2.0,altosolo
3084.0,3085.0,67,G4,1.0,0,783,1.0,altosolo
3085.0,3086.0,67,G4,1.0,0,783,1.5,altosolo
3086.0,3087.0,66,F#4,1.0,0,783,2.0,altosolo
3087.0,3088.0,66,F#4,1.0,0,783,2.5,altosolo
3088.0,3089.0,73,C#5,1.0,0,784,1.0,altosolo
3089.0,3090.0,73,C#5,1.0,0,784,1.5,altosolo
3090.0,3091.0,74,D5,1.0,0,784,2.0,altosolo
3091.0,3092.0,74,D5,1.0,0,784,2.5,altosolo
3092.0,3093.0,74,D5,1.0,0,785,1.0,altosolo
3093.0,3094.0,73,C#5,1.0,0,785,1.5,altosolo
3094.0,3095.0,69,A4,1.0,0,785,2.0,altosolo
3095.0,3096.0,74,D5,1.0,0,785,2.5,altosolo
3096.0,3097.0,69,A4,1.0,0,786,1.0,altosolo
3097.0,3098.0,73,C#5,1.0,0,786,1.5,altosolo
3098.0,3100.0,74,D5,2.0,0,786,2.0,altosolo
3104.0,3105.0,64,E4,1.0,0,788,1.0,altosolo
3105.0,3106.0,64,E4,1.0,0,788,1.5,altosolo
3106.0,3107.0,62,D4,1.0,0,788,2.0,altosolo
3107.0,3108.0,62,D4,1.0,0,788,2.5,altosolo
3108.0,3109.0,67,G4,1.0,0,789,1.0,altosolo
3109.0,3110.0,67,G4,1.0,0,789,1.5,altosolo
3110.0,3111.0,66,F#4,1.0,0,789,2.0,altosolo
3111.0,3112.0,66,F#4,1.0,0,789,2.5,altosolo
3112.0,3113.0,66,F#4,1.0,0,790,1.0,altosolo
3113.0,3114.0,64,E4,1.0,0,790,1.5,altosolo
3114.0,3115.0,62,D4,1.0,0,790,2.0,altosolo
3115.0,3116.0,69,A4,1.0,0,790,2.5,altosolo
3116.0,3117.0,69,A4,1.0,0,791,1.0,altosolo
3117.0,3118.0,67,G4,1.0,0,791,1.5,altosolo
3118.0,3119.0,67,G4,1.0,0,791,2.0,altosolo
3119.0,3120.0,66,F#4,1.0,0,791,2.5,altosolo
3120.0,3126.0,69,A4,6.0,0,792,1.0,altosolo
3126.0,3128.0,69,A4,2.0,0,793,2.0,altosolo
3128.0,3130.0,69,A4,2.0,0,794,1.0,altosolo
3130.0,3132.0,69,A4,2.0,0,794,2.0,altosolo
3132.0,3134.0,69,A4,2.0,0,795,1.0,altosolo
3134.0,3136.0,69,A4,2.0,0,795,2.0,altosolo
3138.0,3141.0,69,A4,3.0,0,796,2.0,altosolo
3141.0,3142.0,69,A4,1.0,0,797,1.5,altosolo
3142.0,3143.0,69,A4,1.0,0,797,2.0,altosolo
3143.0,3144.0,69,A4,1.0,0,797,2.5,altosolo
3144.0,3145.0,69,A4,1.0,0,798,1.0,altosolo
3145.0,3146.0,73,C#5,1.0,0,798,1.5,altosolo
3146.0,3147.0,69,A4,1.0,0,798,2.0,altosolo
3147.0,3148.0,74,D5,1.0,0,798,2.5,altosolo
3148.0,3149.0,69,A4,1.0,0,799,1.0,altosolo
3149.0,3150.0,73,C#5,1.0,0,799,1.5,altosolo
3150.0,3151.0,69,A4,1.0,0,799,2.0,altosolo
3151.0,3152.0,74,D5,1.0,0,799,2.5,altosolo
3152.0,3153.0,69,A4,1.0,0,800,1.0,altosolo
3153.0,3154.0,73,C#5,1.0,0,800,1.5,altosolo
3154.0,3155.0,69,A4,1.0,0,800,2.0,altosolo
3155.0,3157.0,74,D5,2.0,0,800,2.5,altosolo
3157.0,3158.0,76,E5,1.0,0,801,1.5,altosolo
3158.0,3159.0,76,E5,1.0,0,801,2.0,altosolo
3274.0,3275.5,71,B4,1.5,0,830,2.0,altosolo
3275.5,3276.0,71,B4,0.5,0,830,2.75,altosolo
3276.0,3277.0,71,B4,1.0,0,831,1.0,altosolo
3277.0,3278.0,71,B4,1.0,0,831,1.5,altosolo
3278.0,3279.5,71,B4,1.5,0,831,2.0,altosolo
3279.5,3280.0,71,B4,0.5,0,831,2.75,altosolo
3280.0,3283.0,71,B4,3.0,0,832,1.0,altosolo
3283.0,3284.0,71,B4,1.0,0,832,2.5,altosolo
3284.0,3285.25,71,B4,1.25,0,833,1.0,altosolo
3285.0,3286.0,71,B4,1.0,0,833,1.5,altosolo
3285.25,3285.5,64,E4,0.25,0,833,1.625,altosolo
3285.5,3286.0,64,E4,0.5,0,833,1.75,altosolo
3286.0,3287.0,71,B4,1.0,0,833,2.0,altosolo
3287.0,3288.0,71,B4,1.0,0,833,2.5,altosolo
3288.0,3289.0,71,B4,1.0,0,834,1.0,altosolo
3289.0,3289.5,71,B4,0.5,0,834,1.5,altosolo
3289.5,3290.0,66,F#4,0.5,0,834,1.75,altosolo
3290.0,3290.5,66,F#4,0.5,0,834,2.0,altosolo
3290.5,3291.0,63,D#4,0.5,0,834,2.25,altosolo
3291.0,3291.5,63,D#4,0.5,0,834,2.5,altosolo
3291.5,3292.0,71,B4,0.5,0,834,2.75,altosolo
3292.0,3294.5,68,G#4,2.5,0,835,1.0,altosolo
3294.5,3295.0,66,F#4,0.5,0,835,2.25,altosolo
3295.0,3295.5,68,G#4,0.5,0,835,2.5,altosolo
3295.5,3296.0,64,E4,0.5,0,835,2.75,altosolo
3296.0,3297.5,63,D#4,1.5,0,836,1.0,altosolo
3297.5,3300.0,71,B4,2.5,0,836,1.75,altosolo
3300.0,3300.333333333333,70,A#4,0.3333333333333333,0,837,1.0,altosolo
3300.333333333333,3300.666666666667,71,B4,0.3333333333333333,0,837,1.1666666666666667,altosolo
3300.6666666666665,3301.0,68,G#4,0.3333333333333333,0,837,1.3333333333333333,altosolo
3301.0,3301.333333333333,70,A#4,0.3333333333333333,0,837,1.5,altosolo
3301.333333333333,3301.666666666667,71,B4,0.3333333333333333,0,837,1.6666666666666667,altosolo
3301.6666666666665,3302.333333333333,73,C#5,0.6666666666666666,0,837,1.8333333333333333,altosolo
3302.333333333333,3302.666666666667,75,D#5,0.3333333333333333,0,837,2.1666666666666665,altosolo
3302.6666666666665,3303.0,76,E5,0.3333333333333333,0,837,2.333333333333333,altosolo
3303.0,3303.25,68,G#4,0.25,0,837,2.5,altosolo
3303.25,3303.5,66,F#4,0.25,0,837,2.625,altosolo
3303.5,3303.75,68,G#4,0.25,0,837,2.75,altosolo
3303.75,3304.0,70,A#4,0.25,0,837,2.875,altosolo
3304.0,3304.5,71,B4,0.5,0,838,1.0,altosolo
3304.5,3305.0,71,B4,0.5,0,838,1.25,altosolo
3305.0,3308.0,71,B4,3.0,0,838,1.5,altosolo
3308.5,3309.0,71,B4,0.5,0,839,1.25,altosolo
3309.0,3312.0,71,B4,3.0,0,839,1.5,altosolo
3312.0,3314.0,70,A#4,2.0,0,840,1.0,altosolo
3314.0,3315.0,71,B4,1.0,0,840,2.0,altosolo
3315.0,3316.0,73,C#5,1.0,0,840,2.5,altosolo
3316.0,3317.0,71,B4,1.0,0,841,1.0,altosolo
3317.0,3317.5,66,F#4,0.5,0,841,1.5,altosolo
3317.5,3318.0,71,B4,0.5,0,841,1.75,altosolo
3318.0,3324.0,74,D5,6.0,0,841,2.0,altosolo
