onset,offset,midi_number,pitch_name,duration,staff,measure,beat_in_measure,instrument
3.0,4.0,74,D5,1.0,0,1,4.0,clarinet2
4.0,4.5,66,F#4,0.5,0,1,5.0,clarinet2
8.0,9.0,69,A4,1.0,0,2,4.0,clarinet2
9.0,9.5,64,E4,0.5,0,2,5.0,clarinet2
13.0,14.0,69,A4,1.0,0,3,4.0,clarinet2
14.0,14.5,61,C#4,0.5,0,3,5.0,clarinet2
18.0,19.0,69,A4,1.0,0,4,4.0,clarinet2
19.0,19.5,61,C#4,0.5,0,4,5.0,clarinet2
23.0,24.0,70,A#4,1.0,0,5,4.0,clarinet2
24.0,24.5,66,F#4,0.5,0,5,5.0,clarinet2
28.0,29.0,71,B4,1.0,0,6,4.0,clarinet2
29.0,29.5,62,D4,0.5,0,6,5.0,clarinet2
33.0,34.0,76,E5,1.0,0,7,4.0,clarinet2
34.0,34.5,64,E4,0.5,0,7,5.0,clarinet2
35.0,35.5,76,E5,0.5,0,8,1.0,clarinet2
42.66666666666666,43.0,57,A3,0.3333333333333333,0,9,3.6666666666666665,clarinet2
52.66666666666666,53.0,61,C#4,0.3333333333333333,0,11,3.6666666666666665,clarinet2
62.66666666666666,63.0,64,E4,0.3333333333333333,0,13,3.6666666666666665,clarinet2
83.0,84.0,74,D5,1.0,0,17,4.0,clarinet2
84.0,84.5,66,F#4,0.5,0,17,5.0,clarinet2
88.0,89.0,69,A4,1.0,0,18,4.0,clarinet2
89.0,89.5,64,E4,0.5,0,18,5.0,clarinet2
93.0,94.0,69,A4,1.0,0,19,4.0,clarinet2
94.0,94.5,61,C#4,0.5,0,19,5.0,clarinet2
98.0,99.0,69,A4,1.0,0,20,4.0,clarinet2
99.0,99.5,61,C#4,0.5,0,20,5.0,clarinet2
103.0,104.0,70,A#4,1.0,0,21,4.0,clarinet2
104.0,104.5,66,F#4,0.5,0,21,5.0,clarinet2
108.0,109.0,71,B4,1.0,0,22,4.0,clarinet2
109.0,109.5,62,D4,0.5,0,22,5.0,clarinet2
113.0,114.0,76,E5,1.0,0,23,4.0,clarinet2
114.0,114.5,64,E4,0.5,0,23,5.0,clarinet2
115.0,115.5,76,E5,0.5,0,24,1.0,clarinet2
132.66666666666666,133.0,61,C#4,0.3333333333333333,0,27,3.6666666666666665,clarinet2
142.66666666666666,143.0,64,E4,0.3333333333333333,0,29,3.6666666666666665,clarinet2
152.66666666666666,153.0,62,D4,0.3333333333333333,0,31,3.6666666666666665,clarinet2
200.0,201.0,61,C#4,1.0,0,41,1.0,clarinet2
201.0,202.0,67,G4,1.0,0,41,2.0,clarinet2
202.0,202.3333333333333,67,G4,0.3333333333333333,0,41,3.0,clarinet2
202.3333333333333,202.66666666666663,66,F#4,0.3333333333333333,0,41,3.333333333333333,clarinet2
202.66666666666663,203.0,67,G4,0.3333333333333333,0,41,3.6666666666666665,clarinet2
203.0,204.0,66,F#4,1.0,0,41,4.0,clarinet2
204.0,205.0,64,E4,1.0,0,41,5.0,clarinet2
205.0,205.5,62,D4,0.5,0,42,1.0,clarinet2
205.75,206.0,61,C#4,0.25,0,42,1.75,clarinet2
206.0,206.5,62,D4,0.5,0,42,2.0,clarinet2
206.75,207.0,64,E4,0.25,0,42,2.75,clarinet2
207.0,210.0,62,D4,3.0,0,42,3.0,clarinet2
210.0,211.0,62,D4,1.0,0,43,1.0,clarinet2
211.0,212.0,59,B3,1.0,0,43,2.0,clarinet2
212.0,213.0,62,D4,1.0,0,43,3.0,clarinet2
213.0,214.0,64,E4,1.0,0,43,4.0,clarinet2
214.0,215.0,66,F#4,1.0,0,43,5.0,clarinet2
215.0,215.5,66,F#4,0.5,0,44,1.0,clarinet2
215.75,216.0,62,D4,0.25,0,44,1.75,clarinet2
216.0,216.5,64,E4,0.5,0,44,2.0,clarinet2
216.75,217.0,59,B3,0.25,0,44,2.75,clarinet2
217.0,220.0,64,E4,3.0,0,44,3.0,clarinet2
220.0,221.0,61,C#4,1.0,0,45,1.0,clarinet2
221.0,222.0,67,G4,1.0,0,45,2.0,clarinet2
222.0,223.0,67,G4,1.0,0,45,3.0,clarinet2
223.0,224.0,66,F#4,1.0,0,45,4.0,clarinet2
224.0,225.0,64,E4,1.0,0,45,5.0,clarinet2
225.0,225.5,62,D4,0.5,0,46,1.0,clarinet2
225.75,226.0,61,C#4,0.25,0,46,1.75,clarinet2
226.0,226.5,62,D4,0.5,0,46,2.0,clarinet2
226.75,227.0,64,E4,0.25,0,46,2.75,clarinet2
227.0,230.0,62,D4,3.0,0,46,3.0,clarinet2
230.0,231.0,69,A4,1.0,0,47,1.0,clarinet2
231.0,232.0,68,G#4,1.0,0,47,2.0,clarinet2
232.0,235.5,66,F#4,3.5,0,47,3.0,clarinet2
235.75,236.0,66,F#4,0.25,0,48,1.75,clarinet2
236.0,236.5,64,E4,0.5,0,48,2.0,clarinet2
236.75,237.0,71,B4,0.25,0,48,2.75,clarinet2
237.0,238.5,69,A4,1.5,0,48,3.0,clarinet2
242.66666666666663,243.0,57,A3,0.3333333333333333,0,49,3.6666666666666665,clarinet2
252.66666666666663,253.0,61,C#4,0.3333333333333333,0,51,3.6666666666666665,clarinet2
312.0,312.3333333333333,72,C5,0.3333333333333333,0,63,3.0,clarinet2
312.3333333333333,312.66666666666663,71,B4,0.3333333333333333,0,63,3.333333333333333,clarinet2
312.6666666666667,313.0,72,C5,0.3333333333333333,0,63,3.6666666666666665,clarinet2
313.0,314.0,74,D5,1.0,0,63,4.0,clarinet2
314.0,315.0,75,D#5,1.0,0,63,5.0,clarinet2
315.0,316.0,76,E5,1.0,0,64,1.0,clarinet2
316.0,317.0,72,C5,1.0,0,64,2.0,clarinet2
317.0,319.0,71,B4,2.0,0,64,3.0,clarinet2
319.0,320.0,72,C5,1.0,0,64,5.0,clarinet2
320.0,322.0,74,D5,2.0,0,65,1.0,clarinet2
322.0,324.0,72,C5,2.0,0,65,3.0,clarinet2
324.0,325.0,69,A4,1.0,0,65,5.0,clarinet2
325.0,326.0,70,B-4,1.0,0,66,1.0,clarinet2
326.0,327.0,67,G4,1.0,0,66,2.0,clarinet2
327.0,330.0,69,A4,3.0,0,66,3.0,clarinet2
330.0,332.0,69,A4,2.0,0,67,1.0,clarinet2
332.0,334.0,71,B4,2.0,0,67,3.0,clarinet2
334.0,335.0,68,G#4,1.0,0,67,5.0,clarinet2
335.0,336.0,69,A4,1.0,0,68,1.0,clarinet2
336.0,337.0,66,F#4,1.0,0,68,2.0,clarinet2
337.0,340.0,68,G#4,3.0,0,68,3.0,clarinet2
340.0,345.0,69,A4,5.0,0,69,1.0,clarinet2
345.0,347.0,69,A4,2.0,0,70,1.0,clarinet2
347.0,347.5,71,B4,0.5,0,70,3.0,clarinet2
465.0,466.5,67,G4,1.5,0,94,1.0,clarinet2
466.5,467.0,69,A4,0.5,0,94,2.5,clarinet2
467.0,469.0,70,B-4,2.0,0,94,3.0,clarinet2
469.0,470.0,67,G4,1.0,0,94,5.0,clarinet2
470.0,475.0,56,G#3,5.0,0,95,1.0,clarinet2
475.0,476.5,62,D4,1.5,0,96,1.0,clarinet2
476.5,477.0,64,E4,0.5,0,96,2.5,clarinet2
477.0,479.0,66,F#4,2.0,0,96,3.0,clarinet2
479.0,480.0,62,D4,1.0,0,96,5.0,clarinet2
505.0,506.5,67,G4,1.5,0,102,1.0,clarinet2
506.5,507.0,69,A4,0.5,0,102,2.5,clarinet2
507.0,509.0,70,B-4,2.0,0,102,3.0,clarinet2
509.0,510.0,67,G4,1.0,0,102,5.0,clarinet2
510.0,515.0,56,G#3,5.0,0,103,1.0,clarinet2
515.0,516.5,62,D4,1.5,0,104,1.0,clarinet2
516.5,517.0,64,E4,0.5,0,104,2.5,clarinet2
517.0,519.0,66,F#4,2.0,0,104,3.0,clarinet2
519.0,520.0,62,D4,1.0,0,104,5.0,clarinet2
567.6666666666666,568.0,59,B3,0.3333333333333333,0,114,3.6666666666666665,clarinet2
575.0,576.0,59,B3,1.0,0,116,1.0,clarinet2
576.0,577.0,61,C#4,1.0,0,116,2.0,clarinet2
577.0,577.3333333333334,62,D4,0.3333333333333333,0,116,3.0,clarinet2
577.3333333333334,577.6666666666666,61,C#4,0.3333333333333333,0,116,3.333333333333333,clarinet2
577.6666666666666,578.0,62,D4,0.3333333333333333,0,116,3.6666666666666665,clarinet2
578.0,579.0,64,E4,1.0,0,116,4.0,clarinet2
579.0,580.0,66,F#4,1.0,0,116,5.0,clarinet2
587.6666666666666,588.0,59,B3,0.3333333333333333,0,118,3.6666666666666665,clarinet2
595.0,596.0,59,B3,1.0,0,120,1.0,clarinet2
596.0,597.0,61,C#4,1.0,0,120,2.0,clarinet2
597.0,597.3333333333334,62,D4,0.3333333333333333,0,120,3.0,clarinet2
597.3333333333334,597.6666666666666,61,C#4,0.3333333333333333,0,120,3.333333333333333,clarinet2
597.6666666666666,598.0,62,D4,0.3333333333333333,0,120,3.6666666666666665,clarinet2
598.0,599.0,64,E4,1.0,0,120,4.0,clarinet2
599.0,600.0,66,F#4,1.0,0,120,5.0,clarinet2
600.0,602.5,67,G4,2.5,0,121,1.0,clarinet2
607.6666666666666,608.0,62,D4,0.3333333333333333,0,122,3.6666666666666665,clarinet2
617.6666666666666,618.0,62,D4,0.3333333333333333,0,124,3.6666666666666665,clarinet2
625.0,626.0,59,B3,1.0,0,126,1.0,clarinet2
626.0,627.0,49,C#3,1.0,0,126,2.0,clarinet2
627.0,627.3333333333334,50,D3,0.3333333333333333,0,126,3.0,clarinet2
627.3333333333334,627.6666666666666,49,C#3,0.3333333333333333,0,126,3.333333333333333,clarinet2
627.6666666666666,628.0,50,D3,0.3333333333333333,0,126,3.6666666666666665,clarinet2
628.0,629.0,52,E3,1.0,0,126,4.0,clarinet2
629.0,630.0,53,E#3,1.0,0,126,5.0,clarinet2
630.0,630.5,54,F#3,0.5,0,127,1.0,clarinet2
638.0,639.0,74,D5,1.0,0,128,4.0,clarinet2
639.0,639.5,66,F#4,0.5,0,128,5.0,clarinet2
643.0,644.0,69,A4,1.0,0,129,4.0,clarinet2
644.0,644.5,64,E4,0.5,0,129,5.0,clarinet2
648.0,649.0,69,A4,1.0,0,130,4.0,clarinet2
649.0,649.5,61,C#4,0.5,0,130,5.0,clarinet2
653.0,654.0,69,A4,1.0,0,131,4.0,clarinet2
654.0,654.5,61,C#4,0.5,0,131,5.0,clarinet2
658.0,659.0,70,A#4,1.0,0,132,4.0,clarinet2
659.0,659.5,66,F#4,0.5,0,132,5.0,clarinet2
663.0,664.0,71,B4,1.0,0,133,4.0,clarinet2
664.0,664.5,62,D4,0.5,0,133,5.0,clarinet2
668.0,669.0,76,E5,1.0,0,134,4.0,clarinet2
669.0,669.5,64,E4,0.5,0,134,5.0,clarinet2
670.0,670.5,76,E5,0.5,0,135,1.0,clarinet2
677.6666666666666,678.0,57,A3,0.3333333333333333,0,136,3.6666666666666665,clarinet2
687.6666666666666,688.0,61,C#4,0.3333333333333333,0,138,3.6666666666666665,clarinet2
697.6666666666666,698.0,64,E4,0.3333333333333333,0,140,3.6666666666666665,clarinet2
707.6666666666666,708.0,62,D4,0.3333333333333333,0,142,3.6666666666666665,clarinet2
755.0,756.0,61,C#4,1.0,0,152,1.0,clarinet2
756.0,757.0,67,G4,1.0,0,152,2.0,clarinet2
757.0,757.3333333333334,67,G4,0.3333333333333333,0,152,3.0,clarinet2
757.3333333333334,757.6666666666666,66,F#4,0.3333333333333333,0,152,3.333333333333333,clarinet2
757.6666666666666,758.0,67,G4,0.3333333333333333,0,152,3.6666666666666665,clarinet2
758.0,759.0,66,F#4,1.0,0,152,4.0,clarinet2
759.0,760.0,64,E4,1.0,0,152,5.0,clarinet2
760.0,760.5,62,D4,0.5,0,153,1.0,clarinet2
760.75,761.0,61,C#4,0.25,0,153,1.75,clarinet2
761.0,761.5,62,D4,0.5,0,153,2.0,clarinet2
761.75,762.0,64,E4,0.25,0,153,2.75,clarinet2
762.0,765.0,62,D4,3.0,0,153,3.0,clarinet2
765.0,766.0,62,D4,1.0,0,154,1.0,clarinet2
766.0,767.0,59,B3,1.0,0,154,2.0,clarinet2
767.0,768.0,62,D4,1.0,0,154,3.0,clarinet2
768.0,769.0,64,E4,1.0,0,154,4.0,clarinet2
769.0,770.0,66,F#4,1.0,0,154,5.0,clarinet2
770.0,770.5,66,F#4,0.5,0,155,1.0,clarinet2
770.75,771.0,62,D4,0.25,0,155,1.75,clarinet2
771.0,771.5,64,E4,0.5,0,155,2.0,clarinet2
771.75,772.0,59,B3,0.25,0,155,2.75,clarinet2
772.0,775.0,64,E4,3.0,0,155,3.0,clarinet2
775.0,776.0,61,C#4,1.0,0,156,1.0,clarinet2
776.0,777.0,67,G4,1.0,0,156,2.0,clarinet2
777.0,778.0,67,G4,1.0,0,156,3.0,clarinet2
778.0,779.0,66,F#4,1.0,0,156,4.0,clarinet2
779.0,780.0,64,E4,1.0,0,156,5.0,clarinet2
780.0,780.5,62,D4,0.5,0,157,1.0,clarinet2
780.75,781.0,61,C#4,0.25,0,157,1.75,clarinet2
781.0,781.5,62,D4,0.5,0,157,2.0,clarinet2
781.75,782.0,64,E4,0.25,0,157,2.75,clarinet2
782.0,785.0,62,D4,3.0,0,157,3.0,clarinet2
785.0,786.0,69,A4,1.0,0,158,1.0,clarinet2
786.0,787.0,68,G#4,1.0,0,158,2.0,clarinet2
787.0,790.5,66,F#4,3.5,0,158,3.0,clarinet2
790.75,791.0,66,F#4,0.25,0,159,1.75,clarinet2
791.0,791.5,64,E4,0.5,0,159,2.0,clarinet2
791.75,792.0,71,B4,0.25,0,159,2.75,clarinet2
792.0,793.5,69,A4,1.5,0,159,3.0,clarinet2
797.6666666666666,798.0,57,A3,0.3333333333333333,0,160,3.6666666666666665,clarinet2
807.6666666666666,808.0,61,C#4,0.3333333333333333,0,162,3.6666666666666665,clarinet2
817.6666666666666,818.0,64,E4,0.3333333333333333,0,164,3.6666666666666665,clarinet2
827.6666666666666,828.0,62,D4,0.3333333333333333,0,166,3.6666666666666665,clarinet2
857.6666666666666,858.0,59,B3,0.3333333333333333,0,172,3.6666666666666665,clarinet2
867.0,867.3333333333334,72,C5,0.3333333333333333,0,174,3.0,clarinet2
867.3333333333334,867.6666666666666,71,B4,0.3333333333333333,0,174,3.333333333333333,clarinet2
867.6666666666666,868.0,72,C5,0.3333333333333333,0,174,3.6666666666666665,clarinet2
868.0,869.0,74,D5,1.0,0,174,4.0,clarinet2
869.0,870.0,75,D#5,1.0,0,174,5.0,clarinet2
870.0,871.0,76,E5,1.0,0,175,1.0,clarinet2
871.0,872.0,72,C5,1.0,0,175,2.0,clarinet2
872.0,874.0,71,B4,2.0,0,175,3.0,clarinet2
874.0,875.0,72,C5,1.0,0,175,5.0,clarinet2
875.0,877.0,74,D5,2.0,0,176,1.0,clarinet2
877.0,879.0,72,C5,2.0,0,176,3.0,clarinet2
879.0,880.0,69,A4,1.0,0,176,5.0,clarinet2
880.0,881.0,70,B-4,1.0,0,177,1.0,clarinet2
881.0,882.0,67,G4,1.0,0,177,2.0,clarinet2
882.0,885.0,69,A4,3.0,0,177,3.0,clarinet2
885.0,887.0,69,A4,2.0,0,178,1.0,clarinet2
887.0,889.0,71,B4,2.0,0,178,3.0,clarinet2
889.0,890.0,68,G#4,1.0,0,178,5.0,clarinet2
890.0,891.0,69,A4,1.0,0,179,1.0,clarinet2
891.0,892.0,66,F#4,1.0,0,179,2.0,clarinet2
892.0,895.0,68,G#4,3.0,0,179,3.0,clarinet2
895.0,900.0,69,A4,5.0,0,180,1.0,clarinet2
900.0,902.0,69,A4,2.0,0,181,1.0,clarinet2
902.0,902.5,71,B4,0.5,0,181,3.0,clarinet2
915.0,917.0,74,D5,2.0,0,184,1.0,clarinet2
917.0,920.0,73,C#5,3.0,0,184,3.0,clarinet2
920.0,922.0,71,B4,2.0,0,185,1.0,clarinet2
922.0,925.0,69,A4,3.0,0,185,3.0,clarinet2
925.0,927.0,67,G4,2.0,0,186,1.0,clarinet2
927.0,930.0,66,F#4,3.0,0,186,3.0,clarinet2
930.0,932.0,64,E4,2.0,0,187,1.0,clarinet2
932.0,935.0,62,D4,3.0,0,187,3.0,clarinet2
960.0,965.0,62,D4,5.0,0,193,1.0,clarinet2
970.0,975.0,62,D4,5.0,0,195,1.0,clarinet2
