onset,offset,midi_number,pitch_name,duration,staff,measure,beat_in_measure,instrument
138.0,140.0,55,G3,2.0,0,47,1.0,horn4
140.0,140.5,50,D3,0.5,0,47,3.0,horn4
144.0,146.0,55,G3,2.0,0,49,1.0,horn4
146.0,146.5,50,D3,0.5,0,49,3.0,horn4
150.0,151.0,54,F#3,1.0,0,51,1.0,horn4
151.0,152.0,52,E3,1.0,0,51,2.0,horn4
152.0,153.0,50,D3,1.0,0,51,3.0,horn4
153.0,153.5,49,C#3,0.5,0,52,1.0,horn4
156.0,157.0,57,A3,1.0,0,53,1.0,horn4
157.0,158.0,55,G3,1.0,0,53,2.0,horn4
158.0,159.0,53,F3,1.0,0,53,3.0,horn4
159.0,159.5,52,E3,0.5,0,54,1.0,horn4
161.33333333333334,161.66666666666669,57,A3,0.3333333333333333,0,54,3.333333333333333,horn4
161.66666666666666,162.0,57,A3,0.3333333333333333,0,54,3.6666666666666665,horn4
162.0,162.33333333333334,57,A3,0.3333333333333333,0,55,1.0,horn4
162.33333333333334,162.66666666666669,57,A3,0.3333333333333333,0,55,1.3333333333333333,horn4
162.66666666666666,163.33333333333334,57,A3,0.6666666666666666,0,55,1.6666666666666667,horn4
163.33333333333334,163.66666666666669,57,A3,0.3333333333333333,0,55,2.333333333333333,horn4
163.66666666666666,164.33333333333334,57,A3,0.6666666666666666,0,55,2.6666666666666665,horn4
164.33333333333334,164.66666666666669,57,A3,0.3333333333333333,0,55,3.333333333333333,horn4
164.66666666666666,165.0,57,A3,0.3333333333333333,0,55,3.6666666666666665,horn4
165.0,165.33333333333334,57,A3,0.3333333333333333,0,56,1.0,horn4
165.33333333333334,165.66666666666669,57,A3,0.3333333333333333,0,56,1.3333333333333333,horn4
165.66666666666666,166.33333333333334,57,A3,0.6666666666666666,0,56,1.6666666666666667,horn4
166.33333333333334,166.66666666666669,57,A3,0.3333333333333333,0,56,2.333333333333333,horn4
166.66666666666666,167.33333333333334,57,A3,0.6666666666666666,0,56,2.6666666666666665,horn4
167.33333333333334,167.66666666666669,57,A3,0.3333333333333333,0,56,3.333333333333333,horn4
167.66666666666666,168.0,57,A3,0.3333333333333333,0,56,3.6666666666666665,horn4
168.0,168.33333333333334,57,A3,0.3333333333333333,0,57,1.0,horn4
168.33333333333334,168.66666666666669,57,A3,0.3333333333333333,0,57,1.3333333333333333,horn4
168.66666666666666,169.33333333333334,57,A3,0.6666666666666666,0,57,1.6666666666666667,horn4
169.33333333333334,169.66666666666669,57,A3,0.3333333333333333,0,57,2.333333333333333,horn4
169.66666666666666,170.33333333333334,57,A3,0.6666666666666666,0,57,2.6666666666666665,horn4
170.33333333333334,170.66666666666669,57,A3,0.3333333333333333,0,57,3.333333333333333,horn4
170.66666666666666,171.0,57,A3,0.3333333333333333,0,57,3.6666666666666665,horn4
171.0,171.33333333333334,57,A3,0.3333333333333333,0,58,1.0,horn4
171.33333333333334,171.66666666666669,57,A3,0.3333333333333333,0,58,1.3333333333333333,horn4
171.66666666666666,172.33333333333334,57,A3,0.6666666666666666,0,58,1.6666666666666667,horn4
172.33333333333334,172.66666666666669,57,A3,0.3333333333333333,0,58,2.333333333333333,horn4
172.66666666666666,173.33333333333334,57,A3,0.6666666666666666,0,58,2.6666666666666665,horn4
173.33333333333334,173.66666666666669,57,A3,0.3333333333333333,0,58,3.333333333333333,horn4
173.66666666666666,174.0,57,A3,0.3333333333333333,0,58,3.6666666666666665,horn4
174.0,174.33333333333334,57,A3,0.3333333333333333,0,59,1.0,horn4
174.33333333333334,174.66666666666669,57,A3,0.3333333333333333,0,59,1.3333333333333333,horn4
174.66666666666666,175.33333333333334,57,A3,0.6666666666666666,0,59,1.6666666666666667,horn4
175.33333333333334,175.66666666666669,55,G3,0.3333333333333333,0,59,2.333333333333333,horn4
175.66666666666666,176.0,55,G3,0.3333333333333333,0,59,2.6666666666666665,horn4
176.33333333333334,176.66666666666669,59,B3,0.3333333333333333,0,59,3.333333333333333,horn4
176.66666666666666,177.0,59,B3,0.3333333333333333,0,59,3.6666666666666665,horn4
177.0,177.33333333333334,59,B3,0.3333333333333333,0,60,1.0,horn4
177.33333333333334,177.66666666666669,59,B3,0.3333333333333333,0,60,1.3333333333333333,horn4
177.66666666666666,178.33333333333334,59,B3,0.6666666666666666,0,60,1.6666666666666667,horn4
178.33333333333334,178.66666666666669,59,B3,0.3333333333333333,0,60,2.333333333333333,horn4
178.66666666666666,179.0,59,B3,0.3333333333333333,0,60,2.6666666666666665,horn4
179.33333333333334,179.66666666666669,51,E-3,0.3333333333333333,0,60,3.333333333333333,horn4
179.66666666666666,180.0,51,E-3,0.3333333333333333,0,60,3.6666666666666665,horn4
180.0,180.3333333333333,51,E-3,0.3333333333333333,0,61,1.0,horn4
180.3333333333333,180.66666666666669,51,E-3,0.3333333333333333,0,61,1.3333333333333333,horn4
180.66666666666663,181.3333333333333,51,E-3,0.6666666666666666,0,61,1.6666666666666667,horn4
181.3333333333333,181.66666666666669,52,E3,0.3333333333333333,0,61,2.333333333333333,horn4
181.66666666666663,182.3333333333333,52,E3,0.6666666666666666,0,61,2.6666666666666665,horn4
182.3333333333333,182.66666666666669,51,E-3,0.3333333333333333,0,61,3.333333333333333,horn4
182.66666666666663,183.0,50,D3,0.3333333333333333,0,61,3.6666666666666665,horn4
183.0,183.3333333333333,50,D3,0.3333333333333333,0,62,1.0,horn4
183.3333333333333,183.66666666666669,50,D3,0.3333333333333333,0,62,1.3333333333333333,horn4
183.66666666666663,184.3333333333333,50,D3,0.6666666666666666,0,62,1.6666666666666667,horn4
184.3333333333333,184.66666666666669,49,C#3,0.3333333333333333,0,62,2.333333333333333,horn4
184.66666666666663,185.0,49,C#3,0.3333333333333333,0,62,2.6666666666666665,horn4
185.0,185.5,50,D3,0.5,0,62,3.0,horn4
186.0,188.0,55,G3,2.0,0,63,1.0,horn4
188.0,188.5,50,D3,0.5,0,63,3.0,horn4
192.0,194.0,55,G3,2.0,0,65,1.0,horn4
194.0,194.5,50,D3,0.5,0,65,3.0,horn4
198.0,199.0,54,F#3,1.0,0,67,1.0,horn4
199.0,200.0,52,E3,1.0,0,67,2.0,horn4
200.0,201.0,50,D3,1.0,0,67,3.0,horn4
201.0,204.0,49,C#3,3.0,0,68,1.0,horn4
204.0,205.0,57,A3,1.0,0,69,1.0,horn4
205.0,206.0,55,G3,1.0,0,69,2.0,horn4
206.0,207.0,53,F3,1.0,0,69,3.0,horn4
207.0,210.0,52,E3,3.0,0,70,1.0,horn4
210.0,213.5,59,B3,3.5,0,71,1.0,horn4
216.0,216.3333333333333,55,G3,0.3333333333333333,0,73,1.0,horn4
216.3333333333333,216.66666666666669,55,G3,0.3333333333333333,0,73,1.3333333333333333,horn4
216.66666666666663,217.3333333333333,55,G3,0.6666666666666666,0,73,1.6666666666666667,horn4
217.3333333333333,217.66666666666669,55,G3,0.3333333333333333,0,73,2.333333333333333,horn4
217.66666666666663,218.3333333333333,55,G3,0.6666666666666666,0,73,2.6666666666666665,horn4
218.3333333333333,218.66666666666669,55,G3,0.3333333333333333,0,73,3.333333333333333,horn4
218.66666666666663,219.0,55,G3,0.3333333333333333,0,73,3.6666666666666665,horn4
219.0,219.5,55,G3,0.5,0,74,1.0,horn4
222.0,222.3333333333333,55,G3,0.3333333333333333,0,75,1.0,horn4
222.3333333333333,222.66666666666669,55,G3,0.3333333333333333,0,75,1.3333333333333333,horn4
222.66666666666663,223.3333333333333,55,G3,0.6666666666666666,0,75,1.6666666666666667,horn4
223.3333333333333,223.66666666666669,55,G3,0.3333333333333333,0,75,2.333333333333333,horn4
223.66666666666663,224.3333333333333,55,G3,0.6666666666666666,0,75,2.6666666666666665,horn4
224.3333333333333,224.66666666666669,55,G3,0.3333333333333333,0,75,3.333333333333333,horn4
224.66666666666663,225.0,55,G3,0.3333333333333333,0,75,3.6666666666666665,horn4
225.0,225.5,55,G3,0.5,0,76,1.0,horn4
228.0,228.25,43,G2,0.25,0,77,1.0,horn4
230.0,230.25,60,C4,0.25,0,77,3.0,horn4
232.0,232.25,60,C4,0.25,0,78,2.0,horn4
234.0,234.25,60,C4,0.25,0,79,1.0,horn4
240.5,241.0,60,C4,0.5,0,81,1.5,horn4
292.5,293.0,54,F#3,0.5,0,98,2.5,horn4
293.0,293.75,52,E3,0.75,0,98,3.0,horn4
293.75,294.0,50,D3,0.25,0,98,3.75,horn4
294.0,296.0,50,D3,2.0,0,99,1.0,horn4
296.0,296.75,49,C#3,0.75,0,99,3.0,horn4
296.75,297.0,48,C3,0.25,0,99,3.75,horn4
297.0,299.0,48,C3,2.0,0,100,1.0,horn4
299.0,299.75,48,C3,0.75,0,100,3.0,horn4
299.75,300.0,47,B2,0.25,0,100,3.75,horn4
300.0,301.75,47,B2,1.75,0,101,1.0,horn4
301.75,302.0,46,A#2,0.25,0,101,2.75,horn4
302.0,305.5,46,A#2,3.5,0,101,3.0,horn4
321.0,324.5,55,G3,3.5,0,108,1.0,horn4
324.5,325.0,54,F#3,0.5,0,109,1.5,horn4
325.0,326.0,57,A3,1.0,0,109,2.0,horn4
326.0,327.5,59,B3,1.5,0,109,3.0,horn4
327.5,328.0,57,A3,0.5,0,110,1.5,horn4
328.0,330.5,60,C4,2.5,0,110,2.0,horn4
330.5,331.0,59,B3,0.5,0,111,1.5,horn4
333.0,334.0,56,G#3,1.0,0,112,1.0,horn4
334.0,334.5,55,G3,0.5,0,112,2.0,horn4
334.5,335.0,56,G#3,0.5,0,112,2.5,horn4
335.0,336.0,57,A3,1.0,0,112,3.0,horn4
336.0,336.5,56,G#3,0.5,0,113,1.0,horn4
336.5,337.0,57,A3,0.5,0,113,1.5,horn4
337.0,338.0,59,B3,1.0,0,113,2.0,horn4
338.0,338.5,57,A3,0.5,0,113,3.0,horn4
338.5,339.0,59,B3,0.5,0,113,3.5,horn4
339.0,340.0,52,E3,1.0,0,114,1.0,horn4
340.0,341.0,57,A3,1.0,0,114,2.0,horn4
341.0,342.0,52,E3,1.0,0,114,3.0,horn4
342.0,343.0,57,A3,1.0,0,115,1.0,horn4
343.0,344.0,56,G#3,1.0,0,115,2.0,horn4
344.0,345.0,59,B3,1.0,0,115,3.0,horn4
345.0,348.0,60,C4,3.0,0,116,1.0,horn4
348.0,349.0,61,C#4,1.0,0,117,1.0,horn4
349.0,350.0,62,D4,1.0,0,117,2.0,horn4
350.0,351.0,55,G3,1.0,0,117,3.0,horn4
351.0,354.0,62,D4,3.0,0,118,1.0,horn4
354.0,355.0,58,B-3,1.0,0,119,1.0,horn4
355.0,356.0,57,A3,1.0,0,119,2.0,horn4
356.0,357.0,55,G3,1.0,0,119,3.0,horn4
357.0,360.0,54,F#3,3.0,0,120,1.0,horn4
360.0,361.0,55,G3,1.0,0,121,1.0,horn4
361.0,362.0,54,F#3,1.0,0,121,2.0,horn4
362.0,363.0,52,E3,1.0,0,121,3.0,horn4
363.0,366.0,50,D3,3.0,0,122,1.0,horn4
366.0,369.0,69,A4,3.0,0,123,1.0,horn4
369.0,372.0,64,E4,3.0,0,124,1.0,horn4
372.0,374.0,67,G4,2.0,0,125,1.0,horn4
374.0,375.0,62,D4,1.0,0,125,3.0,horn4
375.0,375.5,47,B2,0.5,0,126,1.0,horn4
376.0,382.0,54,F#3,6.0,0,126,2.0,horn4
382.0,388.0,54,F#3,6.0,0,128,2.0,horn4
388.0,394.0,42,F#2,6.0,0,130,2.0,horn4
394.0,400.0,42,F#2,6.0,0,132,2.0,horn4
400.0,403.0,42,F#2,3.0,0,134,2.0,horn4
403.0,406.0,42,F#2,3.0,0,135,2.0,horn4
406.0,408.5,42,F#2,2.5,0,136,2.0,horn4
438.0,453.0,47,B2,15.0,0,147,1.0,horn4
453.0,463.5,47,B2,10.5,0,152,1.0,horn4
